1239838886060331013
1239838887230439424
1239838887750422528
1239838887972941824
1239838888106942464
1239838888174194688
1239838888354439168
1239838888752971776
1239838888899883008
1239838896222949376
1239838907786620928
1239838907853934592
1239838920260694016
1239838922915696640
1239838924538646528
1239838924660445184
1239838927223009280
1239838928682672131
1239838929286815747
1239838930922422273
1239838931840974848
1239838940317827072
1239838945241792513
1239838948320411648
1239838952770715648
1239838965743706112
1239838965961838597
1239838970328035330
1239838972940939265
1239838991391883270
1239838995904892931
1239839001537888256
1239839011264479233
1239839011906023424
1239839018042474497
1239839022844760066
1239839025202159621
1239839030432366593
1239839048816091138
1239839055384215552
1239839057523376128
1239839060199444486
1239839063848505344
1239839064372756480
1239839069732995072
1239839070043463687
1239839072086102017
1239839078717304832
1239839082567438336
1239839084274757632
1239839086501863424
1239839097130287104
1239839098002714626
1239839099323908097
1239839106416377856
1239839110681915392
1239839128130207744
1239839148170792960
1239839163077148674
1239839176385757184
1239839185995026432
1239839204575674370
1239839220543500288
1239839232555958273
1239839233835241474
1239839233990365185
1239839262956081157
1239839277455781888
1239839290600849408
1239839292433862656
1239839294086356992
1239839301757698051
1239839301774577665
1239839308409974784
1239839311119302656
1239839324293812224
1239839325874987008
1239839337279377408
1239839339099467776
1239839344019423232
1239839350105542656
1239839357558808576
1239839358942928898
1239839368421892096
1239839368904355841
1239839372268244992
1239839385123725312
1239839396620316672
1239839396821643264
1239839405671661569
1239839406191673344
1239839410226483200
1239839417449185280
1239839418372034562
1239839420334964736
1239839422046261249
1239839423644254208
1239839423732252673
1239839427771412480
1239839430489358337
1239839440744243201
1239839447014875136
1239839449111875584
1239839456145932289
1239839456988971010
1239839461292179456
1239839479751417857
1239839481999642624
1239839532851376129
1239839533958434817
1239839537427361792
1239839547850207232
1239839549716443136
1239839595304493057
1239839599645429761
1239839602686529537
1239839603160502274
1239839617110749185
1239839626522546176
1239839631518109698
1239839645954965506
1239839646504423424
1239839654209150976
1239839658160402433
1239839665945022469
1239839668784463872
1239839699595931648
1239839709918113793
1239839712417910784
1239839721553047554
1239839733473255424
1239839733934518273
1239839735734042625
1239839740242919424
1239839755380109312
1239839757317922817
1239839758873837573
1239839766771830785
1239839781002960897
1239839786086662144
1239839791006572544
1239839800913526787
1239839810858168321
1239839828411166720
1239839839475970049
1239839844353945600
1239839870886920192
1239839872086671361
1239839872308981762
1239839874427076609
1239839891724304385
1239839899064381440
1239839915099201539
1239839918949412864
1239839925006143489
1239839941233967108
1239839952256540673
1239839957012922368
1239839960351379459
1239839962373095424
1239839999534592000
1239840017846898689
1239840018132336642
1239840019818467329
1239840036469735424
1239840045453832192
1239840047345676288
1239840050189348864
1239840052936691712
1239840057604870145
1239840069025923072
1239840071370428416
1239840076328132609
1239840078094106624
1239840086339899393
1239840090031034368
1239840097601835009
1239840103427715072
1239840103893282816
1239840103897477121
1239840128568360961
1239840144657534978
1239840162860818432
1239840164047810570
1239840165306171392
1239840166082220038
1239840166711361537
1239840177478131712
1239840182658048000
1239840201289216000
1239840208310415360
1239840219181903873
1239840221979697155
1239840225297412096
1239840227902046211
1239840231400103938
1239840234541420544
1239840238341697536
1239840242128936960
1239840276094517248
1239840280406183937
1239840284894167040
1239840287125577728
1239840291663704064
1239840302904401920
1239840311309983744
1239840331467808768
1239840356415537152
1239840356725919751
1239840384890441728
1239840388950654977
1239840393400811520
1239840399478398976
1239840400359043072
1239840405077864449
1239840405698600961
1239840409179885569
1239840409540583424
1239840428154859521
1239840432890224640
1239840439487942656
1239840449122222081
1239840451894657024
1239840481753935872
1239840485256171522
1239840492243816448
1239840498342334464
1239840513575927809
1239840516184956928
1239840525630480385
1239840543087173632
1239840543451926529
1239840548455841792
1239840556378808322
1239840571113472001
1239840573739147264
1239840574477197314
1239840583419596800
1239840586309545984
1239840599265751041
1239840611416621056
1239840632367022080
1239840655666380802
1239840661077016576
1239840667804643333
1239840675803398145
1239840678286327809
1239840678969999360
1239840689728315393
1239840698884435968
1239840703548710915
1239840708808314880
1239840725686267905
1239840739095457793
1239840739581759488
1239840742073303040
1239840745420251137
1239840757147750400
1239840758947086341
1239840763669815297
1239840765842350083
1239840768791101440
1239840770397478912
1239840771525742592
1239840780556042240
1239840781172649984
1239840791662657536
1239840798667149312
1239840812063752192
1239840818220781568
1239840819768692736
1239840821505032195
1239840824042622982
1239840824361435137
1239840861632057344
1239840872251957258
1239840901570220032
1239840930594615296
1239840944725331968
1239840945400512513
1239840946201690115
1239840959984046081
1239840978313322496
1239841005911683073
1239841052988604416
1239841065261240320
1239841066582306818
1239841073641525248
1239841074790760448
1239841080314671104
1239841080398344192
1239841087549734913
1239841095212826625
1239841105845399558
1239841109515202560
1239841132420509696
1239841133099810818
1239841136048553984
1239841137969573888
1239841154205548544
1239841157275770881
1239841175344947200
1239841177236463616
1239841188032786545
1239841201576013824
1239841203182501890
1239841203614625793
1239841222744817665
1239841224204390401
1239841241887637504
1239841248044675072
1239841249546264576
1239841251228254208
1239841254038482945
1239841257666437120
1239841260094906368
1239841261667766273
1239841272380026881
1239841274007441408
1239841278118035456
1239841290818379776
1239841318945390592
1239841335781273601
1239841344597700611
1239841352013103104
1239841362037501953
1239841365208346625
1239841371709747200
1239841384066101248
1239841392815271936
1239841413799366656
1239841419076014080
1239841419638067200
1239841450755571713
1239841454987640832
1239841456925233152
1239841462788882432
1239841469273444352
1239841470464561153
1239841473832640513
1239841475309027329
1239841494229540865
1239841500264984576
1239841512286031875
1239841525590302721
1239841531382706177
1239841537837502464
1239841540056338432
1239841548784803840
1239841549107822592
1239841558679216129
1239841577721303040
1239841587078758402
1239841611619565568
1239841623044804608
1239841635313295360
1239841639704801280
1239841645895376897
1239841655152201730
1239841668775292929
1239841675993919488
1239841681282908160
1239841684252491777
1239841699863482368
1239841701591646209
1239841732591837185
1239841750908391424
1239841754288775169
1239841765055758337
1239841771720290304
1239841788472578048
1239841801441177602
1239841819258523648
1239841820097601536
1239841826120466432
1239841826451775490
1239841841949945856
1239841860085886977
1239841864708218880
1239841877630869504
1239841878004117505
1239841885130293248
1239841888804302849
1239841890033438722
1239841890817769472
1239841906210811904
1239841908924563458
1239841917921300480
1239841941078056962
1239841947424100358
1239841949756129283
1239841950015975426
1239841956894736384
1239841986422726661
1239841990700908544
1239841991959220224
1239841994832142339
1239841997294145536
1239842006702014469
1239842010699309056
1239842012536373248
1239842019846934528
1239842031586947072
1239842041489690625
1239842045654642689
1239842047667908608
1239842052273098754
1239842066512969728
1239842078638477312
1239842084477112321
1239842088453165056
1239842103292604419
1239842105318662144
1239842105561767936
1239842108862689280
1239842130241052672
1239842137891655680
1239842142354149376
1239842157705531392
1239842167763468290
1239842168065359872
1239842174017114112
1239842178186149889
1239842183470911488
1239842183756185600
1239842187313119232
1239842199996518400
1239842204169965568
1239842208565596160
1239842228329164800
1239842240874328064
1239842248990134272
1239842254023507973
1239842254484897792
1239842258763087872
1239842260512051200
1239842273061244928
1239842319416901633
1239842339356659712
1239842339570561026
1239842349473243137
1239842358398562305
1239842363012497413
1239842363972804608
1239842380448247809
1239842382033465344
1239842382985580544
1239842392406142977
1239842393739816960
1239842403999236096
1239842409963495426
1239842409967759366
1239842420050874368
1239842421661368320
1239842425859911681
1239842440703406080
1239842442657947648
1239842442955894784
1239842443731693568
1239842452854525953
1239842458806222848
1239842460802502659
1239842461779976192
1239842462933438464
1239842463365435393
1239842486002089984
1239842487478427648
1239842487813804033
1239842502498107392
1239842513181163520
1239842525357035520
1239842527248703488
1239842545020141569
1239842553945395201
1239842556503941123
1239842558693474304
1239842567673409536
1239842583561592832
1239842600938622976
1239842609528557568
1239842627014582272
1239842669829877760
1239842682949840897
1239842685608816640
1239842691313283072
1239842694039359489
1239842697197670400
1239842705305300992
1239842712171544581
1239842712779554816
1239842719620628481
1239842719645806594
1239842720509763591
1239842721545818113
1239842751111401473
1239842770505908224
1239842776629612549
1239842777946632192
1239842799983484930
1239842801535324160
1239842819319181315
1239842833160421376
1239842838671691776
1239842843532972032
1239842843536969728
1239842845168742400
1239842845697212418
1239842851019767809
1239842852315815942
1239842862096932865
1239842884033171456
1239842888042905606
1239842891435892736
1239842891641438215
1239842891742273537
1239842892069257218
1239842896250994688
1239842899476598784
1239842903813500928
1239842912692830208
1239842917054844934
1239842923908194304
1239842925195878400
1239842942648496128
1239842952454623233
1239842969743695873
1239842977956102145
1239842987263352832
1239842991696683009
1239842992086585344
1239843001989562369
1239843002756952066
1239843012223483904
1239843023384719360
1239843035925467136
1239843035963445249
1239843037074862080
1239843040979640322
1239843046143012864
1239843049082998785
1239843051331354626
1239843051725631488
1239843057383526400
1239843057564033026
1239843069672828930
1239843071568809984
1239843082985566210
1239843083614851072
1239843091240103939
1239843095170232320
1239843101683916800
1239843102161948672
1239843105429389313
1239843111594897408
1239843120730320896
1239843121573376001
1239843149960413191
1239843160173555714
1239843174123700226
1239843179005960194
1239843196164870145
1239843197125156865
1239843197968429056
1239843206864527360
1239843214003183616
1239843223427842048
1239843235452731392
1239843246366285824
1239843257632391168
1239843278599700482
1239843281346998274
1239843284274552832
1239843333213569024
1239843336107655168
1239843336522993669
1239843345721106432
1239843346522107905
1239843378491252738
1239843389522182144
1239843395897614336
1239843412997632001
1239843414981697541
1239843417766625280
1239843420476186624
1239843430961942528
1239843436217241600
1239843462054371329
1239843471927754753
1239843477090942977
1239843496355397633
1239843501912788994
1239843508321751041
1239843523601580034
1239843533919604736
1239843540160708608
1239843546275803138
1239843547098087424
1239843558309400579
1239843564202471428
1239843568954507265
1239843577355624448
1239843583546363905
1239843583705919488
1239843591893086209
1239843596980936706
1239843617629450240
1239843625829388288
1239843630195638273
1239843638206758913
1239843639578296321
1239843640387620864
1239843649611075584
1239843650416390145
1239843658934784000
1239843662344814592
1239843667218579456
1239843671610142720
1239843683740127233
1239843690970886144
1239843693387034624
1239843696000012288
1239843706598875137
1239843708582887424
1239843735254577153
1239843736718172160
1239843739620827137
1239843750110801921
1239843760952848392
1239843765814091777
1239843771258265604
1239843793270181889
1239843794884759553
1239843796013264902
1239843814824607747
1239843824219951104
1239843827462045696
1239843828736987139
1239843831312527360
1239843832168136704
1239843838581235712
1239843843060781061
1239843845438877697
1239843864942444544
1239843867161014274
1239843884429164546
1239843887272865793
1239843915257253892
1239843939424731138
1239843940507029504
1239843940788027392
1239843949176598532
1239843949923241986
1239843950921428994
1239843960979218432
1239843962023587840
1239843965404233729
1239843972052398081
1239843982521311238
1239843982739415041
1239844011524923397
1239844013194256386
1239844017967431680
1239844029858066433
1239844030793515008
1239844035415728129
1239844035587649536
1239844041354665985
1239844047654658048
1239844053769809920
1239844067770535937
1239844074745671681
1239844091782979585
1239844091845840896
1239844093259366400
1239844129833734151
1239844142760579072
1239844145486757893
1239844146824777728
1239844147059511297
1239844147709739008
1239844149257310208
1239844154395459587
1239844171420221445
1239844187652194305
1239844191129100288
1239844210393694208
1239844210884427776
1239844216920047617
1239844244698935296
1239844249438470144
1239844257189580800
1239844264852574208
1239844286935355394
1239844290014121984
1239844292731994112
1239844301443608576
1239844308016082945
1239844313443549185
1239844314202718215
1239844329029373953
1239844331059580928
1239844337002745857
1239844350915424256
1239844361237680128
1239844365427781638
1239844386596245505
1239844390916386819
1239844397333852160
1239844409220444160
1239844409639911430
1239844425884368896
1239844427167870977
1239844440233082881
1239844443856961536
1239844445014507520
1239844447107592198
1239844450458906625
1239844455563309057
1239844463134027777
1239844465147183104
1239844472453726208
1239844473376518144
1239844497779052545
1239844501608333312
1239844505492348928
1239844505525850113
1239844507199438848
1239844512320516097
1239844515181182976
1239844521476861952
1239844524614201344
1239844524702212096
1239844526891687937
1239844552254672897
1239844557501726720
1239844581283430400
1239844583003086848
1239844587281104896
1239844589588144128
1239844591949320192
1239844599683833858
1239844604758962177
1239844615290859520
1239844622555176960
1239844623868198913
1239844628997623808
1239844635981148160
1239844651550625798
1239844664229924865
1239844664901095425
1239844667493175297
1239844678020694016
1239844681640562688
1239844711818559488
1239844723587678208
1239844723805863938
1239844752490717184
1239844753144860672
1239844756848402432
1239844764977115136
1239844771885178880
1239844800653860864
1239844814511734786
1239844818089652224
1239844828256645120
1239844843964239878
1239844844064985090
1239844859961278464
1239844863438237696
1239844864944156678
1239844865099198464
1239844873265692672
1239844876197470209
1239844886343561216
1239844903749853184
1239844904777515008
1239844906383953921
1239844913627271173
1239844930366902277
1239844931776249858
1239844936859758592
1239844938570964992
1239844940210987008
1239844941657968640
1239844944929419264
1239844960817610752
1239844969377984513
1239844977196158977
1239844981575041025
1239844990429335553
1239844998587260928
1239844999547797508
1239845001946939393
1239845002383167488
1239845026944999424
1239845027603337218
1239845032493895680
1239845038986874880
1239845081412063232
1239845085874921473
1239845103038062593
1239845109522403328
1239845111246106624
1239845128686223363
1239845128765935617
1239845138702249984
1239845150504808449
1239845157186535425
1239845177814126592
1239845180871782400
1239845186118664193
1239845189910478849
1239845199334998016
1239845200739983360
1239845202950406146
1239845207941640193
1239845210915569665
1239845216741441536
1239845239780601856
1239845242460872704
1239845247904972801
1239845249662570499
1239845249922387968
1239845253919711233
1239845263189184514
1239845272642961408
1239845276761931777
1239845289499885568
1239845302967959552
1239845306210156544
1239845316666499072
1239845322731511810
1239845340699918336
1239845353853239296
1239845374061355008
1239845374757687296
1239845375831412736
1239845387415859201
1239845390247133184
1239845409004163072
1239845409041682433
1239845413223628800
1239845417216430081
1239845419326115840
1239845431145721856
1239845444806565888
1239845455187423232
1239845464922632192
1239845486955073536
1239845493779333120
1239845498422308864
1239845522749427712
1239845524175347714
1239845532123701249
1239845549467189249
1239845559667535872
1239845559856488448
1239845570480668672
1239845577833107458
1239845586892922880
1239845591787634693
1239845616378884096
1239845633567141888
1239845645592100864
1239845654551240704
1239845667465580544
1239845669453672450
1239845674876895232
1239845678907564035
1239845689519009792
1239845690643222538
1239845699946270720
1239845706182975488
1239845708594896898
1239845709563588608
1239845709685428224
1239845718673649665
1239845719256764417
1239845722968559616
1239845723404976128
1239845731898359808
1239845733525630976
1239845735375556608
1239845740232482816
1239845747031445504
1239845757609562113
1239845761132548096
1239845762764333056
1239845764420890625
1239845768510550017
1239845773283450881
1239845774864809985
1239845779679793152
1239845791755382784
1239845792313114626
1239845811896422400
1239845828996595712
1239845835451461632
1239845838785900546
1239845847199895552
1239845859669340160
1239845862194532354
1239845878082478083
1239845880724951040
1239845890472513536
1239845892263268352
1239845900773502977
1239845909111980034
1239845912261931008
1239845917441667072
1239845919958249473
1239845922223394817
1239845935301173248
1239845935980646405
1239845944583016448
1239845952384532480
1239845952623718402
1239845955270295557
1239845955308081152
1239845968285179904
1239845978494164992
1239845985024647168
1239845988107460608
1239845997729234945
1239846005316530180
1239846009192288256
1239846014732951558
1239846024769941505
1239846032969793536
1239846038258802688
1239846043178553344
1239846053312106497
1239846065538383872
1239846065995534339
1239846068134658050
1239846070181670913
1239846078830141440
1239846082454134784
1239846083448180736
1239846083997642752
1239846098564415489
1239846101152399360
1239846105577328641
1239846111394893824
1239846111751229440
1239846116570660864
1239846122383757313
1239846129564389376
1239846136497799169
1239846140599828480
1239846145880248321
1239846151852965890
1239846152473894913
1239846175425073153
1239846184841359361
1239846185600516097
1239846192529489920
1239846192625807360
1239846202679549953
1239846209252098049
1239846210229260289
1239846212796321794
1239846217783414786
1239846232945831936
1239846237639147522
1239846243565744129
1239846245524320256
1239846250352185346
1239846253120413697
1239846268987420672
1239846271159898112
1239846273810714627
1239846291389190145
1239846318299725825
1239846327233720321
1239846334296924161
1239846336507179009
1239846345067773952
1239846353146204165
1239846355868225542
1239846356111495171
1239846362755276800
1239846371814854657
1239846372741918720
1239846387870818305
1239846393340211200
1239846399123939328
1239846419751632896
1239846435899740162
1239846435949969409
1239846436226949122
1239846436768034817
1239846436860129280
1239846442690207744
1239846446855262208
1239846448738349056
1239846457928232960
1239846461707292673
1239846462529269760
1239846467843440645
1239846471509262336
1239846489117122560
1239846512336744448
1239846517227347969
1239846518204530689
1239846535510327296
1239846556167217153
1239846572525080578
1239846576362831872
1239846586064101376
1239846606859616257
1239846615281795076
1239846628397395968
1239846632402771968
1239846636777385991
1239846645728231427
1239846654590795781
1239846656901693441
1239846662048223232
1239846662119591936
1239846696932212736
1239846698786095104
1239846699335589888
1239846702871384064
1239846712509968385
1239846724006481922
1239846731665141760
1239846741714841600
1239846759666507776
1239846775076335616
1239846794625839104
1239846806541877248
1239846810811654144
1239846812468555777
1239846824774635521
1239846831187779584
1239846837504421889
1239846844664029185
1239846860128497665
1239846876515631105
1239846879120068609
1239846882429374465
1239846883151011840
1239846891275370496
1239846911806525447
1239846916621578240
1239846917363900416
1239846938863951873
1239846946472448005
1239846953573384192
1239846958308765698
1239846958631735296
1239846961500639233
1239846968333123584
1239846971919212544
1239846972506464256
1239847003401543680
1239847007583219713
1239847007616929793
1239847021210722304
1239847028135358465
1239847048171655168
1239847067423399938
1239847068274917376
1239847088038477825
1239847089028452352
1239847091972734976
1239847096322109440
1239847100642402306
1239847103012065280
1239847116064817155
1239847118464004096
1239847122414993413
1239847132082982912
1239847141138366464
1239847152387592194
1239847165201133569
1239847174462111746
1239847185249906688
1239847190874464257
1239847203583045632
1239847208150683648
1239847217114087428
1239847221106864128
1239847225053704192
1239847238932856832
1239847244506918913
1239847253038239748
1239847257077243909
1239847265470119938
1239847266338230273
1239847280636723200
1239847282981228544
1239847311544549376
1239847317076918272
1239847321904570368
1239847323099901952
1239847329982791680
1239847335473143813
1239847347565113344
1239847365521137669
1239847377340678144
1239847381236994048
1239847385104363525
1239847388904292352
1239847397502652422
1239847399486611457
1239847403164966913
1239847405396340736
1239847415273803776
1239847418637803522
1239847426606813185
1239847427546456064
1239847442721406981
1239847444415905792
1239847451080589317
1239847452146098182
1239847454637346817
1239847472274518016
1239847487738953728
1239847497356455936
1239847498144985091
1239847503320821762
1239847510446874624
1239847512690884610
1239847519108116480
1239847536241844224
1239847542638215168
1239847547297861634
1239847558588989442
1239847567522795521
1239847570622631936
1239847576939225090
1239847596170055685
1239847604315394048
1239847608476205056
1239847611282096128
1239847628592099328
1239847637043630081
1239847647286038529
1239847658014920704
1239847668064514049
1239847668592988160
1239847681754664961
1239847687945515008
1239847691762503681
1239847694732070912
1239847695633825792
1239847707310776320
1239847710246797320
1239847710397784064
1239847715909111814
1239847718991933443
1239847719767810054
1239847762138562560
1239847767972986880
1239847780220313600
1239847788617150466
1239847807789330433
1239847824172494848
1239847839548801026
1239847857001299968
1239847867155546113
1239847879260266496
1239847900106145793
1239847903876673537
1239847905067851776
1239847911007178753
1239847914475859968
1239847954791510016
1239847961296846848
1239847967609237504
1239847969786155008
1239847980569636864
1239847992590340097
1239847993475354624
1239848001197178881
1239848019236777984
1239848020390416386
1239848025800839168
1239848037163216897
1239848041852657671
1239848044377583616
1239848047594672128
1239848052757803014
1239848077726486528
1239848082650497024
1239848089181175808
1239848098001817601
1239848099083948032
1239848102707597312
1239848107157753856
1239848125822631936
1239848128066605056
1239848131635941376
1239848139483484164
1239848145120563200
1239848145225428994
1239848150803918851
1239848152699752448
1239848186014916609
1239848194340581376
1239848196949413888
1239848202540421120
1239848227324563456
1239848231967883264
1239848243850285056
1239848250426961921
1239848250439544833
1239848262615662593
1239848267325878272
1239848274082893824
1239848274699444224
1239848281011818497
1239848287315738625
1239848289912184832
1239848292676231169
1239848297138921473
1239848297344446469
1239848297419898880
1239848302230806528
1239848303627579392
1239848310518812673
1239848318924214272
1239848328143286272
1239848331452592130
1239848336376639489
1239848341925552128
1239848342177419264
1239848355704029184
1239848358354857984
1239848377556168704
1239848378449657856
1239848386968371201
1239848388025364481
1239848388767580163
1239848401522413569
1239848404743794690
1239848420422094848
1239848420983988224
1239848422271856641
1239848450671480832
1239848453104074753
1239848454404227072
1239848475937787906
1239848476445376513
1239848490957713408
1239848491729465345
1239848492476043264
1239848498671034375
1239848515922046977
1239848516257710080
1239848523480399872
1239848524344430594
1239848524872732672
1239848528152854528
1239848532271607809
1239848542795071489
1239848545068494848
1239848546918113280
1239848548591697921
1239848552664203264
1239848559345885184
1239848583005736960
1239848591008636928
1239848593646813184
1239848600148025344
1239848618674151425
1239848621656375298
1239848634151243783
1239848657647788032
1239848659103010816
1239848677067206656
1239848682327023617
1239848686651392000
1239848688723415041
1239848690401116160
1239848692519186432
1239848693240602625
1239848703613194241
1239848707069063168
1239848709258645505
1239848709631942656
1239848714899836929
1239848719878467584
1239848732482572290
1239848736332922880
1239848742985125888
1239848745673592832
1239848760102072320
1239848762899599365
1239848784210862084
1239848790598782982
1239848809213067264
1239848812111331330
1239848821049511938
1239848822400057344
1239848823327019014
1239848828582281216
1239848834135519232
1239848834504818689
1239848843262300160
1239848856767979525
1239848862430285826
1239848865534226432
1239848868088430596
1239848871380971521
1239848873343975429
1239848873620840449
1239848886275117057
1239848902439960577
1239848909511385089
1239848914745991168
1239848918797758464
1239848935201607680
1239848937152020481
1239848937181179906
1239848937437253633
1239848941686054914
1239848942881234944
1239848946413027328
1239848949676113920
1239848959759265793
1239848966306611202
1239848969297068033
1239848970467315723
1239848976460861441
1239848989043941377
1239848995306029056
1239849000322265089
1239849002771910661
1239849024280297474
1239849046770139137
1239849058585341953
1239849064067477505
1239849073001279488
1239849080064487426
1239849089199681537
1239849091925970945
1239849094518054912
1239849103258877952
1239849109055569920
1239849110049566730
1239849116936486916
1239849120724127749
1239849125153329152
1239849125505531904
1239849127195717633
1239849129704128512
1239849143620849665
1239849143897636865
1239849149035687936
1239849166366531588
1239849172083159041
1239849178416758785
1239849187770015744
1239849191058419713
1239849191381168130
1239849193230958592
1239849200000458752
1239849210830360576
1239849220523339776
1239849220619845637
1239849222406574081
1239849224893870080
1239849230254161920
1239849234230325249
1239849243566698496
1239849252177747968
1239849257584275457
1239849260599762944
1239849276987052033
1239849294506496000
1239849301662150658
1239849306741506048
1239849315444690944
1239849319533957122
1239849327377281024
1239849339767246851
1239849356997558272
1239849358901870594
1239849364236963840
1239849367785418752
1239849377843294208
1239849381890797570
1239849385019805697
1239849386626162688
1239849391051005952
1239849407350276096
1239849416963624961
1239849437947727878
1239849442435612673
1239849449960112130
1239849455907680258
1239849457048379392
1239849458113949699
1239849475528671240
1239849483518783488
1239849485188182018
1239849486790340610
1239849487339839489
1239849495837343744
1239849501109694464
1239849508445413378
1239849517119418369
1239849521955422212
1239849529907666944
1239849530616459265
1239849531212206089
1239849558542364679
1239849561948139522
1239849562447261697
1239849577064382470
1239849586954469378
1239849588992946176
1239849605950353409
1239849620534185984
1239849623503671297
1239849628947951617
1239849660673646592
1239849663844487169
1239849664230408192
1239849673214627840
1239849705237958656
1239849713362448384
1239849714406682624
1239849720958287873
1239849722266992640
1239849725647630338
1239849727539040256
1239849746476433411
1239849747831275520
1239849749345259525
1239849775782035456
1239849780450394113
1239849786754265088
1239849788641882112
1239849801337966592
1239849803074490369
1239849819566374912
1239849829490139138
1239849838000230400
1239849838751166464
1239849862058958852
1239849864675987459
1239849877531774976
1239849881952497664
1239849884380852227
1239849893964857345
1239849901997142016
1239849912818438144
1239849915427282944
1239849919592235009
1239849923513921536
1239849943226937345
1239849962684452864
1239849963401576448
1239849964718751744
1239849972562120705
1239849975787458560
1239849986168197120
1239849986910797825
1239849988429152261
1239849993596481536
1239849995471380483
1239850010885279749
1239850018426597376
1239850025066299394
1239850044481814528
1239850053096943617
1239850087007879174
1239850095690100736
1239850099125207040
1239850114044309504
1239850128095264768
1239850140376023041
1239850140703297536
1239850159887900672
1239850170432368641
1239850174417174530
1239850189281787904
1239850191332704256
1239850191932600321
1239850192741924865
1239850199645687810
1239850202913259525
1239850211171692544
1239850221091389440
1239850227537809408
1239850230238957569
1239850230855720960
1239850236488691712
1239850237100883969
1239850239646990337
1239850240146096129
1239850243145031681
1239850244449480704
1239850245128736768
1239850251093188608
1239850252301205504
1239850266901479424
1239850275373846528
1239850283183693824
1239850285322735616
1239850301894639618
1239850303358472192
1239850311541555201
1239850317975519233
1239850319267475456
1239850322631086080
1239850346710577153
1239850346891051011
1239850349621432321
1239850358828081152
1239850362523103232
1239850374464446464
1239850376813314048
1239850376897101825
1239850391715459076
1239850392755863552
1239850395259637762
1239850395448381440
1239850402524381184
1239850418114646018
1239850439782400000
1239850445251604482
1239850455519264768
1239850456387440640
1239850457868029952
1239850465107443712
1239850469951811589
1239850472309239809
1239850472443219968
1239850479552581632
1239850484220833792
1239850484787265537
1239850489581199362
1239850490856460289
1239850505196748801
1239850505460948993
1239850513342103552
1239850522926100480
1239850540936368130
1239850555075260417
1239850557319385098
1239850597723058177
1239850601539874816
1239850631902507008
1239850633710231552
1239850638521090048
1239850642073509889
1239850651930238976
1239850666325168128
1239850674067779584
1239850677746061312
1239850683844739072
1239850696666542080
1239850699372015616
1239850699489513472
1239850700143595520
1239850704975450113
1239850711636217862
1239850719743741952
1239850723329925120
1239850730854461440
1239850736168525824
1239850747635863552
1239850753277284352
1239850753784602624
1239850764861952002
1239850765486673921
1239850766405267457
1239850771140706305
1239850790325489665
1239850794565894146
1239850819056517120
1239850821665333250
1239850827403034630
1239850828564963328
1239850829969936384
1239850832910139392
1239850845346226177
1239850861863604226
1239850864979791872
1239850874312089600
1239850875750879234
1239850879739715584
1239850880142278657
1239850889185132545
1239850891479363584
1239850896768544769
1239850899121623043
1239850907665235969
1239850907698937862
1239850910798344193
1239850930557931520
1239850934685118465
1239850949104951296
1239850959968370689
1239850966679257088
1239850981376098304
1239851000690688000
1239851001508769795
1239851003165507584
1239851004834840576
1239851005958905856
1239851011503566848
1239851020496310277
1239851026187988994
1239851037697196032
1239851037747372033
1239851041937645568
1239851045129519105
1239851046693941248
1239851047595761666
1239851054952583168
1239851058609954816
1239851074334400514
1239851078365130755
1239851079736541184
1239851084501393408
1239851086690676736
1239851087680724992
1239851090440585216
1239851106139885568
1239851106294992897
1239851114561802242
1239851114759102464
1239851120450850816
1239851120979333120
1239851147449569282
1239851148044951552
1239851150263955457
1239851155754123264
1239851161890566144
1239851169280737280
1239851178302885896
1239851193280724992
1239851196564877313
1239851204060106755
1239851216135430144
1239851218077388806
1239851246078451712
1239851252013346817
1239851252097286144
1239851258233729024
1239851259869270016
1239851298008244225
1239851298276749312
1239851307441303552
1239851310662307842
1239851315288772608
1239851318258302977
1239851318665232385
1239851324558184448
1239851324562460674
1239851325988294656
1239851341251411970
1239851341846949889
1239851350894301184
1239851367411449856
1239851367713431552
1239851368627740672
1239851368636186626
1239851371366453249
1239851377376952321
1239851380472414208
1239851394183528448
1239851398528929792
1239851401468973060
1239851408268165123
1239851410654744576
1239851432246943745
1239851468997492737
1239851469072928768
1239851494553387009
1239851499485900800
1239851504896376832
1239851506351792129
1239851510915268610
1239851514660827136
1239851517806551040
1239851518246793219
1239851521128271872
1239851530439790593
1239851531580534784
1239851533535232003
1239851550081601536
1239851550995968000
1239851565252575232
1239851565529382912
1239851566095425537
1239851600635736069
1239851601399033856
1239851612115308544
1239851622454329345
1239851631732236288
1239851635469201410
1239851663407472640
1239851677424979977
1239851679073349633
1239851694403407872
1239851695124840449
1239851698660814848
1239851725525151745
1239851729606197248
1239851732827430914
1239851748786831365
1239851749663363075
1239851769359933441
1239851769951207424
1239851775064145921
1239851780634279937
1239851783683440642
1239851804126519296
1239851805376421890
1239851815954518017
1239851816692649986
1239851840784797697
1239851853694693376
1239851855250931713
1239851856484012032
1239851857536790528
1239851858702864384
1239851864222347264
1239851875912028160
1239851881456906240
1239851896573222919
1239851899693629442
1239851907465777152
1239851908287713280
1239851909848141825
1239851923710377984
1239851940961452033
1239851948725211138
1239851949631180800
1239851956954423296
1239851982195585024
1239851983529365504
1239851986276823041
1239851993587503104
1239852000952582144
1239852001825038336
1239852006539321344
1239852015615950849
1239852022817419265
1239852030853865472
1239852035903610880
1239852062306959360
1239852064026570755
1239852074394882048
1239852076374556672
1239852076760473600
1239852077662253057
1239852095181697027
1239852099921379328
1239852116367286272
1239852146742439936
1239852148558630912
1239852155105837056
1239852159438589952
1239852179604856839
1239852182381268997
1239852183681671168
1239852184696692736
1239852191784923136
1239852196407042059
1239852200773292032
1239852201230643200
1239852201675075585
1239852215520681984
1239852218842406914
1239852220788527105
1239852222399172610
1239852231786184704
1239852235212738560
1239852236114518017
1239852239180779521
1239852255727271936
1239852259707510785
1239852267622125569
1239852272202506241
1239852278770589697
1239852281945886721
1239852307375722496
1239852308453711873
1239852314346827776
1239852322542493697
1239852327625990144
1239852328234012674
1239852329198895104
1239852333116166145
1239852348790337537
1239852353890562049
1239852360601567233
1239852388577619970
1239852390427353093
1239852391282991104
1239852401005297665
1239852402473222144
1239852408705961984
1239852408882073602
1239852418449408000
1239852419510685697
1239852420739579904
1239852422975062016
1239852426024366086
1239852426422702080
1239852428012457984
1239852437164281856
1239852441044160512
1239852449034383360
1239852450556739585
1239852450758242304
1239852452427575296
1239852467153764353
1239852468806332417
1239852470286929921
1239852481279971328
1239852494307700736
1239852535327809536
1239852535562645504
1239852540642164741
1239852544576421889
1239852552151281664
1239852556052049921
1239852557918486528
1239852558639923200
1239852561345150979
1239852563081592832
1239852580483694592
1239852590709575689
1239852603246170114
1239852612545122304
1239852617343303681
1239852619482398721
1239852622175023105
1239852627527155712
1239852636280627200
1239852641288630272
1239852641959714821
1239852647622082561
1239852651938004997
1239852661056442374
1239852667641499654
1239852669138800640
1239852669537259523
1239852675338035201
1239852690621882369
1239852695655272450
1239852720351260672
1239852730891612160
1239852735337394176
1239852753184268298
1239852754094489601
1239852757886124035
1239852760285302786
1239852762810155014
1239852765121253376
1239852773530877952
1239852775653232641
1239852777951682560
1239852802999873537
1239852803536949248
1239852809148870656
1239852811703201792
1239852822226763776
1239852829214420994
1239852832515403776
1239852839117008898
1239852848935915523
1239852856183840768
1239852857303711746
1239852862135513088
1239852863511302144
1239852866698797056
1239852877851398144
1239852878446997504
1239852880107986944
1239852883094446080
1239852888966303744
1239852899200405510
1239852916145610752
1239852917793980416
1239852917819092992
1239852918196654081
1239852918611652608
1239852920964886529
1239852930490040320
1239852976963047424
1239852982948282369
1239852994302115840
1239852995656835072
1239853006155177984
1239853010773303296
1239853012845092864
1239853017362546688
1239853039026135040
1239853070055550976
1239853072987242498
1239853079488425987
1239853089894600704
1239853094730493952
1239853096056041472
1239853100380364800
1239853106877231105
1239853112988323840
1239853114729140224
1239853116872257536
1239853124342427649
1239853126791774208
1239853139592908801
1239853141232934914
1239853144487735298
1239853157339054080
1239853157729042432
1239853164033163264
1239853169770991619
1239853173201874944
1239853187504496640
1239853197172322305
1239853202549248000
1239853204864524288
1239853207314145280
1239853215060983813
1239853215543418880
1239853215899942912
1239853252302290945
1239853256659980291
1239853257922686976
1239853273085083650
1239853284061589504
1239853286263361536
1239853290407395328
1239853292324376577
1239853294178242560
1239853304194256898
1239853308057194497
1239853313081987073
1239853322540134402
1239853324263923713
1239853340571336704
1239853345738821634
1239853347592699904
1239853347617689600
1239853363640098816
1239853365145800705
1239853366634614784
1239853389636345856
1239853394136715265
1239853397630578688
1239853403490193408
1239853425015361536
1239853425468137472
1239853425594155008
1239853433320099840
1239853442094546947
1239853444598505472
1239853446485835776
1239853447635238914
1239853451825352704
1239853458108407808
1239853458926305280
1239853473597919232
1239853476710092802
1239853487158177792
1239853490471567361
1239853504543375360
1239853511111663617
1239853518871080960
1239853521262071808
1239853521564033024
1239853523610660864
1239853526466973696
1239853529566793728
1239853533849157633
1239853538420740096
1239853547673485314
1239853555743252480
1239853562588512256
1239853563687268353
1239853564983422978
1239853566698782720
1239853567072260096
1239853568229703680
1239853581529800704
1239853587980828673
1239853593991114752
1239853603289890816
1239853613666664449
1239853627843411975
1239853633140854784
1239853637632851968
1239853639671386113
1239853654842257408
1239853661351804928
1239853675092246528
1239853677482872832
1239853679861252097
1239853681832386560
1239853689663258624
1239853697510842369
1239853723993726984
1239853725797232645
1239853733053251584
1239853734194274304
1239853734961741824
1239853744105246723
1239853744562434048
1239853749574737920
1239853756256145408
1239853758655401984
1239853762543575041
1239853774644162574
1239853777521385472
1239853777596940288
1239853778297290752
1239853779953963009
1239853791249219584
1239853793656930304
1239853803404505090
1239853807351316481
1239853819892092929
1239853824975802368
1239853827567779841
1239853861961072640
1239853875328356352
1239853879304556545
1239853880378351621
1239853885373722624
1239853893057540097
1239853893850484737
1239853904898052098
1239853914448515072
1239853920668835841
1239853924904914944
1239853928348635136
1239853940797083653
1239853950511263744
1239853959512121345
1239853966411862017
1239853969154818049
1239853973068288003
1239853983092617216