1243130576065802240
1243130576074227721
1243130576267145216
1243130576716140546
1243130576867143682
1243130577416585217
1243130577890336769
1243130577949061120
1243130577986801664
1243130578385481729
1243130578452377602
1243130578527895553
1243130578762969089
1243130579144581122
1243130579161239557
1243130579173818369
1243130579459002368
1243130579597406209
1243130579752644608
1243130583162802176
1243130587445104642
1243130588615204866
1243130591412916228
1243130591693938688
1243130592486662144
1243130595259138050
1243130595909066756
1243130599327465473
1243130599797383169
1243130600459915264
1243130600564850688
1243130600581726208
1243130601349267463
1243130607107837953
1243130608605257728
1243130610056671233
1243130614313877506
1243130618881265664
1243130622941503489
1243130625240023045
1243130626976419840
1243130628381556736
1243130628679368704
1243130628981190657
1243130635264368640
1243130638884052992
1243130639467102208
1243130639634792449
1243130641878863872
1243130648333819907
1243130651114721280
1243130651794116608
1243130652955947010
1243130657439731718
1243130657741692928
1243130659520086027
1243130660266684417
1243130662061817857
1243130663991197698
1243130666755198976
1243130668906921985
1243130671201042441
1243130671218012160
1243130671704481792
1243130679870840832
1243130689731596288
1243130693305151488
1243130694596833287
1243130696878764032
1243130697398784000
1243130703212163072
1243130707893006337
1243130710526963718
1243130710770286592
1243130712322179073
1243130712955457536
1243130716457754624
1243130716864630784
1243130718684876802
1243130719452291072
1243130722195582976
1243130722455621632
1243130723210530818
1243130723898441728
1243130729871089664
1243130730777116672
1243130732869865472
1243130736426668038
1243130744253407232
1243130748862730243
1243130749110366210
1243130749852794882
1243130754323951617
1243130759738777605
1243130760049168385
1243130768676831232
1243130769620508673
1243130777644208129
1243130779657474049
1243130782270423040
1243130794370936832
1243130794408923137
1243130795151286272
1243130796581564417
1243130799320379392
1243130802516484096
1243130802776477698
1243130807473979392
1243130813413232640
1243130818031005696
1243130820581380097
1243130825429770241
1243130832463724545
1243130832887447553
1243130834309099521
1243130836536430592
1243130837249507328
1243130839774498816
1243130841733136384
1243130842211385349
1243130848343461889
1243130848800538624
1243130854559363078
1243130857868726272
1243130860938743808
1243130861836357635
1243130862071361537
1243130866974494720
1243130872666230786
1243130877061632001
1243130879440048128
1243130882057256960
1243130884401684480
1243130889791344640
1243130892803018752
1243130893570658304
1243130893855686657
1243130896330510337
1243130900096806913
1243130900516388864
1243130901875343361
1243130904169644032
1243130905276878849
1243130908745641984
1243130919147442176
1243130920661467137
1243130920774877184
1243130926542008320
1243130928354013186
1243130932137209857
1243130932896333824
1243130937702940672
1243130938164305920
1243130952802603008
1243130958481670146
1243130958620000256
1243130962873069570
1243130964211052544
1243130965788184577
1243130965808963584
1243130971756670981
1243130972163452929
1243130978761084930
1243130980363153408
1243130985610444802
1243130986688393219
1243130988710055941
1243130990429483008
1243130991104925696
1243130991654375426
1243130991994077184
1243130994401689601
1243130994657460224
1243130997165764609
1243130997970849792
1243130999539732480
1243131000328081408
1243131008905621505
1243131016446988298
1243131018271285253
1243131018392924160
1243131020569763846
1243131025456156672
1243131032955748352
1243131033178066944
1243131037749858306
1243131043277869056
1243131059463696385
1243131068586299396
1243131071681769472
1243131072969420801
1243131076823773184
1243131079512322048
1243131080053526529
1243131081202765826
1243131083140534272
1243131086902906883
1243131087343112192
1243131087569764352
1243131090383953920
1243131090820141056
1243131092271423490
1243131094100295681
1243131104858685441
1243131111506575360
1243131116380446722
1243131119463215104
1243131121413611526
1243131125352054786
1243131126404841472
1243131127646302208
1243131130187931649
1243131134419988480
1243131141021933570
1243131145996337152
1243131149968433152
1243131150173786113
1243131151926972416
1243131155831980038
1243131168368873474
1243131181601714177
1243131181736112129
1243131186706251776
1243131190816710657
1243131196730748928
1243131200019054592
1243131202166538240
1243131204137824256
1243131215823200256
1243131219262369796
1243131221347127297
1243131224094171136
1243131228011859968
1243131229211369472
1243131236656308224
1243131243732111360
1243131252795899904
1243131261465399297
1243131263159951362
1243131274426028033
1243131283984666624
1243131287847796739
1243131288292413440
1243131288854413312
1243131318826700801
1243131320521437185
1243131323310575616
1243131324157898755
1243131324627447809
1243131327190368257
1243131329182494720
1243131329618702336
1243131335532634113
1243131336782516225
1243131338649006081
1243131339160702978
1243131344139493377
1243131346148626433
1243131346308005889
1243131348707094528
1243131351848513536
1243131357296984066
1243131357456404481
1243131369288499200
1243131370001571841
1243131379543617536
1243131383716798464
1243131394664140800
1243131406760452096
1243131409113415683
1243131416268980225
1243131419234308097
1243131421683826688
1243131423093129216
1243131426494656512
1243131430919684097
1243131433394339840
1243131434786791425
1243131438645620742
1243131446539288577
1243131447273193472
1243131451354140672
1243131454508466177
1243131466319417344
1243131466999115779
1243131470014808065
1243131470652346368
1243131472489246720
1243131476599812096
1243131487802855425
1243131493205053440
1243131494408822784
1243131496732319754
1243131511437701120
1243131521084645377
1243131521554415617
1243131523588665347
1243131527921373186
1243131530337083392
1243131535571783680
1243131542106341377
1243131542844706816
1243131550956470272
1243131551724064768
1243131560833892354
1243131561777733633
1243131566458425344
1243131572364161025
1243131572976594944
1243131584972312576
1243131588126355457
1243131596280082432
1243131601971638272
1243131606178467840
1243131606543544320
1243131614902784002
1243131618518327297
1243131621122981888
1243131625480663042
1243131636574633984
1243131640806694912
1243131646305390592
1243131648012664833
1243131652525756416
1243131660188758016
1243131669885980672
1243131671240740864
1243131671932616705
1243131673920901125
1243131679834869761
1243131680715464704
1243131686403158016
1243131689439842305
1243131695781629953
1243131706615439360
1243131709387952129
1243131715171860482
1243131721085644800
1243131722478149632
1243131728291487747
1243131738836082689
1243131748763840512
1243131758192857094
1243131758276759553
1243131759086141440
1243131759731961859
1243131761938198529
1243131763351846913
1243131765427929088
1243131766572908545
1243131767294496768
1243131768108011521
1243131769949491200
1243131775142019072
1243131776089784320
1243131778732261378
1243131779805929472
1243131786596454400
1243131786948829184
1243131788362424327
1243131789503332352
1243131794494500864
1243131794679087104
1243131795836751873
1243131796474085377
1243131797950644225
1243131799024349184
1243131809715695618
1243131816707489793
1243131827956649985
1243131830519451653
1243131832931160065
1243131834499608577
1243131836194324480
1243131843320283137
1243131843395846144
1243131846667403265
1243131851612606470
1243131852732407808
1243131854435291137
1243131855253073920
1243131855290937344
1243131862328975361
1243131862580490241
1243131862618386434
1243131863927046146
1243131866326151170
1243131866477101057
1243131868129546240
1243131869820002306
1243131873334829056
1243131874173751296
1243131884474978311
1243131890938281986
1243131892230246401
1243131894046298113
1243131894880972800
1243131897632481285
1243131898207010817
1243131898358116357
1243131912983646208
1243131921158164480
1243131929060429824
1243131930138284032
1243131942008225793
1243131948954013702
1243131949717192704
1243131950837248000
1243131956197384192
1243131965286440966
1243131976548261888
1243131977479475201
1243131979589181442
1243131987835133953
1243131994046976000
1243131998756933634
1243131998861963272
1243131999621169153
1243132005816074241
1243132009347715075
1243132017526669312
1243132021242613761
1243132021314027521
1243132033959735300
1243132047670960128
1243132050455941120
1243132055946506243
1243132060165902343
1243132062216962049
1243132084165783552
1243132088175357952
1243132089664507905
1243132089807056896
1243132097922990080
1243132098053058561
1243132103165751296
1243132105179172864
1243132108320780288
1243132115757260800
1243132117275598848
1243132119527940101
1243132121092362243
1243132125647458305
1243132125982806017
1243132127010533377
1243132128138854400
1243132129266905088
1243132136225415169
1243132139157110785
1243132139308290048
1243132140163715074
1243132140428177408
1243132144634871809
1243132145809448960
1243132154860707840
1243132169154957312
1243132170274816005
1243132178223030272
1243132181813182464
1243132190814175232
1243132195927015431
1243132196443033600
1243132199894953984
1243132205821550594
1243132214818123776
1243132225970769920
1243132236318355462
1243132239959003137
1243132240265195526
1243132242588848129
1243132251476496399
1243132251627536384
1243132254185914369
1243132254349656065
1243132259814834181
1243132268530425856
1243132269444939776
1243132275426037760
1243132277816799234
1243132278466727936
1243132279091855362
1243132283537829888
1243132289049153537
1243132292471631874
1243132303032963072
1243132307843801090
1243132316651675649
1243132317268312064
1243132318497353728
1243132324319019010
1243132325254356993
1243132332263067650
1243132335127769088
1243132340408160257
1243132349069643777
1243132350088667138
1243132375661514754
1243132380493295617
1243132383420768257
1243132384289177605
1243132387245998080
1243132394149793792
1243132394355462144
1243132404564254721
1243132409781997568
1243132417143119872
1243132425376415744
1243132427737788418
1243132429088559106
1243132432196472833
1243132436831141888
1243132437833699330
1243132442518716416
1243132445488304128
1243132447375704064
1243132448071876613
1243132457261596673
1243132457605574657
1243132458075336705
1243132460981833729
1243132467252473856
1243132468057833476
1243132470779879425
1243132474437361664
1243132475200634881
1243132478128357376
1243132479327719425
1243132485585813504
1243132492506423297
1243132502602113025
1243132508918685696
1243132509950533632
1243132516711591936
1243132517592547328
1243132519794520066
1243132539453059074
1243132542116487168
1243132543148359680
1243132550043914243
1243132558612840449
1243132561532076040
1243132565579534336
1243132569853575168
1243132571711496192
1243132572105707521
1243132573452296192
1243132575486316549
1243132584197906440
1243132585435451392
1243132585628360704
1243132588174323713
1243132589361127424
1243132602644680709
1243132602661339137
1243132605689729025
1243132610106327040
1243132615097548800
1243132621867167744
1243132638027800577
1243132640733118465
1243132642100490243
1243132655043919873
1243132656188977152
1243132664170733570
1243132668507799553
1243132669376040961
1243132671460438017
1243132678016323584
1243132683762327553
1243132687830876166
1243132692704768001
1243132696689336320
1243132697557577728
1243132706235400192
1243132711402795008
1243132712728367104
1243132721204883456
1243132723641778177
1243132730843574272
1243132733695516672
1243132736346390528
1243132743220973568
1243132747838713862
1243132747889037312
1243132750242160643
1243132763601059840
1243132766448992256
1243132775244292098
1243132785495363585
1243132788066287616
1243132788569772032
1243132790738059265
1243132792046682113
1243132793749753857
1243132794101878790
1243132794148134912
1243132794580148225
1243132815941779456
1243132819234144256
1243132821939662853
1243132825097752576
1243132845784268800
1243132846522368002
1243132848758013953
1243132852167999488
1243132854743285763
1243132858627227648
1243132864969035777
1243132867401531392
1243132868928442368
1243132871881003008
1243132872824737793
1243132874502496256
1243132885785247744
1243132895126052864
1243132901077782528
1243132905712316416
1243132908023558144
1243132909701287937
1243132910603055107
1243132914600218624
1243132923047444513
1243132925731733505
1243132930597232640
1243132937211699201
1243132938264481792
1243132939023589377
1243132948104261633
1243132950947872768
1243132954945216513
1243132957503770625
1243132964785000449
1243132970208296960
1243132972401741824
1243132976453410821
1243132985081094147
1243132990689021952
1243133009160810496
1243133013610975233
1243133014785363971
1243133017855590401
1243133019889770504
1243133021764628481
1243133025585713153
1243133030266478593
1243133034091577345
1243133037983993858
1243133039720501254
1243133044443275267
1243133044590088193
1243133045877735426
1243133047186190336
1243133047660326917
1243133049979768832
1243133050680233986
1243133057210568710
1243133059521605632
1243133060914216964
1243133070741569537
1243133072771514369
1243133078576549889
1243133082598879232
1243133086898020352
1243133092103172097
1243133092560359424
1243133092845387776
1243133093034094592
1243133093248106497
1243133093411581953
1243133102354042880
1243133103222251527
1243133103565987840
1243133103612153857
1243133104811802624
1243133106174881797
1243133106514571266
1243133107538202628
1243133111753420801
1243133112059670529
1243133112730521602
1243133114525708288
1243133115717038085
1243133122348187648
1243133123539480577
1243133124491517952
1243133125196038144
1243133125900861447
1243133126542602241
1243133126978797568
1243133129793179648
1243133130233577472
1243133131533758464
1243133131873533958
1243133134880768004
1243133135644020737
1243133136432697344
1243133141101019136
1243133141528776707
1243133143605022720
1243133144049614848
1243133144586469376
1243133145664323584
1243133151209291776
1243133152090038273
1243133162890412032
1243133169806667776
1243133171757125633
1243133172377944065
1243133174768689153
1243133178153512962
1243133179889844224
1243133194402058241
1243133196230774784
1243133199728947201
1243133201230503937
1243133201339449345
1243133201847066627
1243133204418134018
1243133205999423489
1243133207433920512
1243133208868392961
1243133211011690499
1243133217286148097
1243133226287157249
1243133226614472709
1243133229931958273
1243133246176514049
1243133249230188546
1243133250488369152
1243133253394956290
1243133254686957568
1243133255429349376
1243133258835079168
1243133268377178112
1243133270285373442
1243133276438609920
1243133302707343360
1243133303567286272
1243133304087490560
1243133305056382978
1243133308684435456
1243133310706073602
1243133316284452870
1243133327445458945
1243133328192090113
1243133329609756672
1243133330234605570
1243133332784910338
1243133332885364740
1243133341047631873
1243133349184536576
1243133352128974849
1243133357128478721
1243133363793416193
1243133366158995457
1243133366565777411
1243133369975738369
1243133372878249984
1243133374820204545
1243133375197655041
1243133379467448320
1243133381237452800
1243133383716323328
1243133386505572352
1243133387482836992
1243133388216766466
1243133390062268417
1243133390754181121
1243133391542853634
1243133398480113669
1243133398769532929
1243133400762003461
1243133409532182528
1243133413151965185
1243133414179553286
1243133415601238017
1243133417576939520
1243133424170414080
1243133426795974656
1243133428347928581
1243133430818316289
1243133431413800961
1243133431783075840
1243133435046236163
1243133440758820864
1243133447390068736
1243133462078521344
1243133468139065344
1243133477672947712
1243133479665221633
1243133480059297798
1243133484685656065
1243133484744441856
1243133505971744768
1243133512766627846
1243133515736252416
1243133516532969475
1243133520597463042
1243133528356855809
1243133536997171200
1243133538213531655
1243133548208455681
1243133550909587457
1243133554080526336
1243133554512494592
1243133555883962368
1243133565564485635
1243133566936104960
1243133569486249984
1243133571562385409
1243133571608522752
1243133576540913664
1243133576599810048
1243133578566918147
1243133591925776384
1243133595985870848
1243133599433531392
1243133606702329856
1243133615426244608
1243133617653473280
1243133620539154432
1243133623894601728
1243133624729378821
1243133627036205064
1243133629489971201
1243133634594340864
1243133638428033025
1243133641154330624
1243133641229729792
1243133648301199360
1243133652084686848
1243133660343291913
1243133660615700483
1243133662729768961
1243133666718412801
1243133672590630913
1243133681310539776
1243133690420449281
1243133694589784064
1243133696288395264
1243133706916761600
1243133707851984897
1243133712100986881
1243133714017800192
1243133716278448130
1243133724683915266
1243133728764891136
1243133734078963715
1243133735966511105
1243133739288281089
1243133744141275136
1243133745789616128
1243133749761466368
1243133764081012737
1243133776806531073
1243133777372688384
1243133777955540992
1243133781885804544
1243133784553381888
1243133785337745408
1243133792312791040
1243133792937631744
1243133793638084608
1243133801330589697
1243133814764793858
1243133818724388864
1243133819982696448
1243133821513601026
1243133825875685376
1243133826848526336
1243133827079340044
1243133829239300096
1243133830397071360
1243133833907748867
1243133836466237441
1243133844426874880
1243133848914976768
1243133858557591561
1243133858641350662
1243133876354064384
1243133883752894465
1243133888567877632
1243133897355005954
1243133900014022656
1243133900131577858
1243133901998116864
1243133904472727552
1243133907308089344
1243133912571928576
1243133916233584642
1243133923720343552
1243133923850420224
1243133926513823745
1243133926752862209
1243133929915322368
1243133930137518080
1243133930666147840
1243133940208209920
1243133946604466176
1243133947103653889
1243133952748974080
1243133955114553349
1243133958310842368
1243133961510871040
1243133963255848960
1243133969396367360
1243133969882906625
1243133971086671872
1243133971636064256
1243133972009422848
1243133973015953410
1243133974265786368
1243133983417909248
1243133984839733248
1243133987796680706
1243133990174851072
1243133999461138437
1243134001143001095
1243134007224594432
1243134007384170496
1243134011486044160
1243134022252969986
1243134023049805825
1243134027558608896
1243134028959461381
1243134029928554496
1243134031983714304
1243134039357300736
1243134044214382595
1243134058923769856
1243134064124661760
1243134072291033091
1243134072429465601
1243134074782232582
1243134079761088512
1243134082273267714
1243134082739044354
1243134086773866498
1243134088221011971
1243134090561421312
1243134094202097664
1243134099138592769
1243134099721728002
1243134100904476673
1243134103907717120
1243134108915687424
1243134124459728896
1243134125822881793
1243134126800220160
1243134134123364352
1243134137667473410
1243134138883833859
1243134140624535554
1243134144185544705
1243134155191463936
1243134160069255175
1243134163730997252
1243134164649598981
1243134164943192065
1243134169254952962
1243134169737236480
1243134180273332225
1243134183729496064
1243134183989317632
1243134186950545409
1243134189345464320
1243134189765038080
1243134198489034752
1243134200145944577
1243134204142948352
1243134208262000642
1243134217288122373
1243134218617544704
1243134220731441152
1243134225038991360
1243134232970567680
1243134233008377856
1243134237622009856
1243134237773107200
1243134246249611264
1243134247344406528
1243134249898856448
1243134250095869954
1243134253715673090
1243134261269614592
1243134264830459905
1243134272338194432
1243134277090508805
1243134280630403072
1243134282803052544
1243134283956588545
1243134289656438785
1243134293011918848
1243134296535248897
1243134304399622144
1243134310263242753
1243134316671938560
1243134316936335361
1243134317993361408
1243134323701710848
1243134329276022785
1243134336129474566
1243134350830469121
1243134350897512448
1243134350964723712
1243134351103016961
1243134352592011264
1243134354706042885
1243134359038652416
1243134361878188032
1243134362469699584
1243134363841097729
1243134365967802369
1243134367532306432
1243134370979950593
1243134371978022915
1243134372003213312
1243134373014253570
1243134373731409923
1243134375903944704
1243134378982727680
1243134379876069376
1243134382191280129
1243134384288522240
1243134387555794944
1243134388528918534
1243134389766283264
1243134390500089856
1243134392454672384
1243134396145774592
1243134399723569152
1243134403930357760
1243134406333784066
1243134416278425601
1243134416714678272
1243134419248074753
1243134419847741441
1243134420397121537
1243134421244444674
1243134423912120321
1243134426869047296
1243134429998067719
1243134436880846848
1243134441318383616
1243134445428838400
1243134445621776386
1243134446322114560
1243134447907733505
1243134448473956352
1243134451070177287
1243134452970262528
1243134453637173249
1243134454618611719
1243134471668465666
1243134475627888641
1243134480388247552
1243134484280721408
1243134485929111552
1243134496649752576
1243134502089699328
1243134505788964865
1243134516513800192
1243134520267849729
1243134533484060672
1243134533614125056
1243134533974798336
1243134541126160392
1243134541558099968
1243134547245531138
1243134551821410305
1243134553377644545
1243134554283692032
1243134554581471233
1243134557228015617
1243134558633177090
1243134560411553793
1243134560633860096
1243134561283747845
1243134563653537792
1243134565012684801
1243134566900137990
1243134572377800708
1243134575695540224
1243134579541602306
1243134581831843840
1243134587837931521
1243134593731100672
1243134600089677831
1243134600106446849
1243134600878206977
1243134601133867011
1243134602614657025
1243134604086775810
1243134608885022720
1243134620385845248
1243134624001384453
1243134625125285888
1243134625259585537
1243134628124336128
1243134632201261056
1243134633660878849
1243134634814291968
1243134641176891392
1243134643039166464
1243134645711101953
1243134653382483974
1243134656322646016
1243134658239442945
1243134660202373124
1243134662752514048
1243134664744660992
1243134666812555264
1243134672416145408
1243134691089268738
1243134697028366336
1243134698492133376
1243134706453012480
1243134713306505218
1243134715168784391
1243134720629768193
1243134732696727552
1243134737478307840
1243134740347011074
1243134750786797570
1243134756566577154
1243134759464775681
1243134761536835584
1243134778376892416
1243134779601702913
1243134779630989312
1243134781627531264
1243134783745658880
1243134785125523458
1243134786098606080
1243134790037012480
1243134794948460544
1243134796693463041
1243134797242871808
1243134798094311424
1243134802104135680
1243134802133315584
1243134803647639552
1243134809112748034
1243134810132021248
1243134810471743488
1243134814112239616
1243134817572548608
1243134818050859013
1243134820382883840
1243134820642938880
1243134820844294146
1243134821607579648
1243134824006782976
1243134856592310273
1243134857020047360
1243134860203642882
1243134861336104960
1243134863567396864
1243134864783745024
1243134865647628290
1243134865656221698
1243134866448883713
1243134871788281859
1243134874732683265
1243134875810426880
1243134877421223936
1243134885700628480
1243134892357156864
1243134906974248961
1243134912598880258
1243134914788286464
1243134915744395264
1243134919242645504
1243134920714866688
1243134924745355264
1243134924863025152
1243134926234497024
1243134928813846528
1243134954017566727
1243134959772147715
1243134962511032320
1243134967112073216
1243134967829245952
1243134972279402497
1243134972644528132
1243134978998796290
1243134980114563072
1243134980269760515
1243134986150203392
1243134986804506625
1243134990919090176
1243134993632759810
1243134997776732161
1243135002520551424
1243135004542189568
1243135007415296006
1243135008937668608
1243135010351112192
1243135017078882312
1243135019532632064
1243135019712950273
1243135021222957057
1243135026717503494
1243135033386266624
1243135033860374528
1243135037203087367
1243135042005667841
1243135042471092225
1243135044576784384
1243135044937371648
1243135049156800512
1243135052638064641
1243135052730507265
1243135053007372288
1243135055851073536
1243135062343811072
1243135074964508672
1243135079011848193
1243135081578987526
1243135081616527360
1243135087304196096
1243135094178660353
1243135105104658432
1243135115703676928
1243135117356339203
1243135120258859009
1243135121605132289
1243135126936023041
1243135150969552898
1243135153955799041
1243135156820508673
1243135163166490629
1243135169084751872
1243135169361518592
1243135169919410176
1243135171387408385
1243135172045725696
1243135176487690240
1243135177813082112
1243135178198921217
1243135180199649281
1243135185916440577
1243135186050535424
1243135189871722496
1243135195206868994
1243135202769043456
1243135203276492800
1243135217587630082
1243135219126894592
1243135219181465601
1243135220204912641
1243135228798889985
1243135230384504832
1243135233085579265
1243135242732335109
1243135244674330624
1243135245311864833
1243135252974854144
1243135254287785985
1243135256607113216
1243135265306271746
1243135266291961859
1243135266371465216
1243135268674248704
1243135269672488960
1243135273376120832
1243135275133546497
1243135278547496961
1243135287926161413
1243135289784250369
1243135294976729088
1243135295203225600
1243135297698832386
1243135298353205250
1243135299288322048
1243135303017267200
1243135315910459395
1243135319899340800
1243135326245269504
1243135329164505088
1243135335082622977
1243135336538144768
1243135337888534528
1243135353176743936
1243135353852231681
1243135357589131265
1243135358608564224
1243135364895838209
1243135367781535745
1243135370486853633
1243135371350867970
1243135377742929920
1243135380192288773
1243135383703093249
1243135397560893442
1243135401432416258
1243135402111713281
1243135402124460032
1243135404003463168
1243135415911137285
1243135420214456320
1243135422294667264
1243135431736246272
1243135431807565829
1243135432604307465
1243135439764180993
1243135441374720001
1243135445288058881
1243135446424707073
1243135449398480902
1243135450778202112
1243135454783737856
1243135457388445696
1243135469635993600
1243135472039161856
1243135476179046401
1243135476208259072
1243135476233572355
1243135477735018497
1243135478439657472
1243135483854704640
1243135485117153282
1243135489814790144
1243135495380414465
1243135506654740481
1243135507170721792
1243135521007849472
1243135522807128064
1243135523105001472
1243135524052692995
1243135530461794305
1243135534089863168
1243135536958779392
1243135540716875777
1243135543787077633
1243135547234758656
1243135548925116417
1243135549352873985
1243135550703521792
1243135551722700801
1243135553127821313
1243135556449710081
1243135560266338304
1243135564498550785
1243135569338585093
1243135574615023616
1243135576200466432
1243135580340453376
1243135589601460225
1243135590985580544
1243135595918102528
1243135597855879168
1243135601580183552
1243135603312594944
1243135605267001345
1243135609222373379
1243135615308304385
1243135618831523847
1243135623562694656
1243135623998976007
1243135624808284160
1243135630571458561
1243135632228089856
1243135633452863489
1243135634333741056
1243135634853826560
1243135644756512768
1243135650292883456
1243135651371003904
1243135653153390593
1243135656076836864
1243135665317044225
1243135666629853184
1243135668085284865
1243135671818051585
1243135672661278729
1243135677639921665
1243135680689197058
1243135685294460929
1243135695583051777
1243135697554374656
1243135713702326273
1243135723022077952
1243135725622767616
1243135728223215616
1243135730223898625
1243135737060605953
1243135742169268229
1243135743213649925
1243135749328736256
1243135762960453635
1243135764994686976
1243135765741211649
1243135767171514368
1243135768119242752
1243135769088147456
1243135769817960449
1243135770400940033
1243135776575062016
1243135776906502145
1243135778336768000
1243135784192028673
1243135793381675009
1243135804593111040
1243135817645576199
1243135818593480707
1243135832908840966
1243135834720735237
1243135839359643654
1243135845718208514
1243135846275878913
1243135859689271296
1243135860192706560
1243135860255739904
1243135862281551872
1243135862449352704
1243135863510401030
1243135880983916545
1243135881973809152
1243135883483611138
1243135886474137600
1243135888336523264
1243135888537915393
1243135888760111105
1243135898176212993
1243135900755701761
1243135908955574273
1243135910067109888
1243135912772538370
1243135921102262272
1243135922209767425
1243135922289266689
1243135924143357952
1243135932686954496
1243135933639208963
1243135937636335617
1243135938496057345
1243135945660141569
1243135948600336386
1243135952337408001
1243135969555099648
1243135975724744704
1243135976676954112
1243135987347226624
1243135992892137472
1243135998088876032
1243135999041036288
1243136006162993153
1243136007182192643
1243136008574472192
1243136013620428801
1243136014698401793
1243136017080745985
1243136025431506945
1243136025926475777
1243136027230793729
1243136029709623296
1243136030955515905
1243136031412625409
1243136033996394496
1243136041051205633
1243136042015703040
1243136043332669440
1243136045840879617
1243136046713446400
1243136050165362689
1243136050299408384
1243136051490717696
1243136051604000768
1243136059334107136
1243136062320529412
1243136064241401857
1243136065885609985
1243136072747343874
1243136080989130753
1243136094897668096
1243136096378032128
1243136098685071360
1243136099880443904
1243136104792031233
1243136108352786432
1243136110861180928
1243136114078224384
1243136114963120128
1243136116745809926
1243136118020878336
1243136118255759361
1243136121258663936
1243136121346891776
1243136121443209218
1243136122315833344
1243136123498409985
1243136123662204935
1243136126744846336
1243136129433341952
1243136133355032581
1243136134244380673
1243136134672265216
1243136138291884033
1243136142792327168
1243136144054923270
1243136148316307457
1243136148391804931
1243136154830061568
1243136160261722115
1243136167186501633
1243136177219092486
1243136180939522048
1243136182944489472
1243136184731271168
1243136184865308672
1243136186979356674
1243136188023799815
1243136190829563905
1243136196710195206
1243136203324522496
1243136204637257729
1243136209255202816
1243136209569763328
1243136215102050304
1243136216012402688
1243136225675968517
1243136228536528896
1243136229517877248
1243136229664849921
1243136231837442048
1243136232051355650
1243136238720184320
1243136241048190976
1243136241522049029
1243136244537790465
1243136246614016001
1243136250539724800
1243136256126652416
1243136259377090561
1243136259754729479
1243136265932816384
1243136271368638466
1243136274808143873
1243136276120743936
1243136278175952897
1243136279740657667
1243136284555706368
1243136287164502017
1243136295943245824
1243136297511858176
1243136297713238016
1243136299495636992
1243136303857795072
1243136306252832770
1243136312829456385
1243136316109447168
1243136316734398465
1243136323357233153
1243136330885771265
1243136334866157568
1243136336061759489
1243136343166738433
1243136343447871488
1243136345054146560
1243136345645572097
1243136356899074049
1243136357054242816
1243136357846978560
1243136359293804544
1243136359902195712
1243136362712350720
1243136367334494209
1243136373449687040
1243136376528416771
1243136386519236608
1243136387827642368
1243136393204752385
1243136394765221888
1243136399907393537
1243136403241918464
1243136412456833025
1243136432623030272
1243136439354707968
1243136450322989057
1243136451635810304
1243136452898304000
1243136454043164673
1243136457000140802
1243136461014261763
1243136461362417667
1243136469797154816
1243136469956300800
1243136474100490245
1243136476323311616
1243136480379355137
1243136486767239169
1243136487786455041
1243136491032924160
1243136491116691456
1243136492060508162
1243136493457002496
1243136495638151169
1243136499186651138
1243136500621066247
1243136505423507456
1243136506862206976
1243136511127638018
1243136519352782848
1243136519851966465
1243136520682340352
1243136521944825856
1243136524071374848
1243136525770129409
1243136526856237057
1243136531902148608
1243136532959113216
1243136539095433217
1243136539388973058
1243136540727017472
1243136542366973952
1243136546527686656
1243136549807460352
1243136551099531265
1243136556938002432
1243136561799221249
1243136563409817601
1243136565561438213
1243136580438679552
1243136591666663426
1243136597123633161
1243136602697859074
1243136606459981825
1243136608947363845
1243136614831927296
1243136615461138432
1243136618963369984
1243136619097591810
1243136621920129024
1243136624055238656
1243136632175370241
1243136637556703234
1243136638718365696
1243136645840265216
1243136657064439808
1243136659442618370
1243136661426507778
1243136666480467968
1243136670049775616
1243136672382017536
1243136672528773120
1243136672780259328
1243136678061060096
1243136682624462851
1243136689192734721
1243136692703412224
1243136694867628032
1243136697421922305
1243136699804323840
1243136703503745024
1243136704824905728
1243136706339057670
1243136708855513088
1243136713502965760
1243136713981153280
1243136718007668736
1243136719412695040
1243136720729772032
1243136722210258945
1243136724609282049
1243136731831918593
1243136734872735744
1243136735292329986
1243136740086419456
1243136742791806976
1243136748365983745
1243136751696334849
1243136760625762304
1243136764476194834
1243136766741073920
1243136767210844161
1243136770197409798
1243136771359113217
1243136771744882690
1243136780116860929
1243136799452602369
1243136800454889477
1243136800824135680
1243136807254085632
1243136809393143810
1243136809577721856
1243136818675101696
1243136819501379585
1243136824215814144
1243136827369947136
1243136827789152257
1243136831883001856
1243136834001080321
1243136835636912128
1243136843077599232
1243136851734458368
1243136856994217985
1243136862006292481
1243136862149115906
1243136862350270467
1243136862421581824
1243136865089314821
1243136866058190848
1243136866859110400
1243136871582097409
1243136872211251200
1243136873205313537
1243136874727772161
1243136876430548995
1243136880339755008
1243136881631559680
1243136881761685505
1243136883397472256
1243136888363417600
1243136891395792896
1243136892545183745
1243136895267282944
1243136895342612481
1243136911658692608
1243136915500675072
1243136919136944128
1243136927898927105
1243136929358581760
1243136929501040641
1243136929643757568
1243136933280321538
1243136939626074113
1243136942553927680
1243136946982891523
1243136948077723651
1243136952225820673
1243136952578211841
1243136954771914754
1243136968046895110
1243136971297431554
1243136971943354370
1243136973608542211
1243136976422875137
1243136977597345794
1243136978440380418
1243136987512651776
1243136995465089026
1243136998543687680
1243137004591820800
1243137006810480640
1243137017493336064
1243137020299534337
1243137020773498881
1243137022434234369
1243137022790860803
1243137023705112577
1243137024577724416
1243137025278181382
1243137028138680322
1243137029837393920
1243137030155976706
1243137033343627265
1243137035050729472
1243137036174921729
1243137038045581312
1243137042113937408
1243137044160880640
1243137054139179008
1243137056253108224
1243137057951809537
1243137060384497665
1243137065996283904
1243137067351236609
1243137071436271617
1243137072115965952
1243137075957956609
1243137091883528192
1243137095796842496
1243137105766776832
1243137108258304008
1243137110258978816
1243137111009656833
1243137112498675712
1243137119117164546
1243137127627526145
1243137130156695552
1243137130299342848
1243137130324299776
1243137131821895681
1243137138700492800
1243137143993774080
1243137148661821440
1243137156891078656
1243137162276569088
1243137166412263425
1243137166823182337
1243137171151781888
1243137173575970816
1243137175379750917
1243137178936500224
1243137184418238466
1243137187123781635
1243137189338214403
1243137194937761792
1243137195340431360
1243137202361708551
1243137202822893569
1243137205155049474
1243137210884526080
1243137211874152448
1243137212239302656
1243137216596983810
1243137220489461760
1243137223148650497
1243137223878488064
1243137228806565888
1243137235362308096
1243137238839500801
1243137240701612033
1243137249392369665
1243137251426603008
1243137254933102593
1243137255520243712
1243137256078151680
1243137256723972098
1243137257499918336
1243137257982152705
1243137260977041408
1243137262415687681
1243137263577395201
1243137266689675265
1243137267566288896
1243137267704590336
1243137269789347842
1243137270074482689
1243137273945903104
1243137276785446913
1243137278320545794
1243137279213875200
1243137280283475970
1243137283634544640
1243137289028603909
1243137290941222917
1243137290949529602
1243137292044206080
1243137294992904192
1243137295739387904
1243137305319104513
1243137306694836224
1243137308066529287
1243137308343369728
1243137308955521027
1243137318585843713
1243137319076413440
1243137320381005826
1243137323136692224
1243137328635195392
1243137344406007813
1243137349887971333
1243137355311132673
1243137362357436417
1243137377209585664
1243137380019621888
1243137380569112576
1243137386697175043
1243137391050674176
1243137392367882241
1243137402492731393
1243137403918876672
1243137404501884929
1243137410512211973
1243137414467469312
1243137419366543360
1243137426303758337
1243137427713200129
1243137439922884608
1243137440879165441
1243137441822904323
1243137444268191750
1243137448810594304
1243137455085273090
1243137457161412613
1243137463356403712
1243137466456047616
1243137475939307522
1243137478338502656
1243137478380453888
1243137489411416065
1243137497007296513
1243137502942281728
1243137503265058816
1243137507107254273
1243137510324101121
1243137515978199041
1243137518096257029
1243137522445586432
1243137523129421826
1243137524085723136
1243137524433932288
1243137525465538561
1243137526619156482
1243137532705099776
1243137533363531778
1243137535066456064
1243137537947754498
1243137541697613825
1243137541995454464
1243137547183763456
1243137549981429762
1243137552040603650
1243137555069108224
1243137557623439360
1243137559426973698
1243137561968758784
1243137573796577281
1243137574698450946
1243137575331581952
1243137577030422528
1243137577626058755
1243137578947182592
1243137580054589440
1243137588593954817
1243137595334201344
1243137599260086273
1243137605073612802
1243137613046956033
1243137615215427584
1243137616716931077
1243137616830033920
1243137620168843264
1243137628444061697
1243137643631841280
1243137645271584769
1243137651605213185
1243137657858920450
1243137659310047234
1243137663445504001
1243137669036675072
1243137670773198850
1243137674657005570
1243137678226468864
1243137682840182786
1243137684123631616
1243137689890590727
1243137691815944193
1243137693409820673
1243137702163349504
1243137705355034624
1243137710367408130
1243137712053301248
1243137712175091714
1243137712590401543
1243137714289025027
1243137714356203520
1243137718923616257
1243137720290922496
1243137720576172032
1243137726540636161
1243137727308206080
1243137732152614912
1243137732903424000
1243137743162671111
1243137745113042947
1243137747889553409
1243137757557297153
1243137758853545984
1243137760808120320
1243137761428803589
1243137761713868801
1243137772011032578
1243137786976370689
1243137789908127745
1243137792500170754
1243137796338061312
1243137798007373824
1243137799760592897
1243137802881175553
1243137803531190273
1243137804500119552
1243137811265605632
1243137811722702850
1243137814029623296
1243137814226599937
1243137816940310529
1243137817636634631
1243137826159579136
1243137828550303744
1243137835432960000
1243137836666281985
1243137838264258561
1243137844933062656
1243137850704637952
1243137851145011201
1243137856165609473
1243137866131218432
1243137872221351936
1243137874591088641
1243137875631165443
1243137878873362432
1243137879100067840
1243137879418843136
1243137884208525313
1243137884921778177
1243137889518653441
1243137890948874241
1243137894367232000
1243137896015466496
1243137906442530816
1243137908309180418
1243137910855143426
1243137912423829505
1243137915137536001
1243137918480326659
1243137922515324929
1243137926281728001
1243137943709069312
1243137944577343488
1243137946233917445
1243137962814169088
1243137966538739713
1243137968103137280
1243137971668299777
1243137972771397632
1243137973215997955
1243137978232340481
1243137980312834050
1243137981239656448
1243137981617061888
1243137984695844865
1243137987497476097
1243137987971633152
1243137988579786752
1243137992006537224
1243137992392409088
1243138000793591809
1243138003209461762
1243138007139373059
1243138009018462208
1243138009995694080
1243138015595200513
1243138016190889985
1243138018829111297
1243138019021840385
1243138021215612928
1243138023233110016
1243138024596295681
1243138033425080321
1243138042279284736
1243138043659386880
1243138044364013569
1243138045898936321
1243138047300026368
1243138050064109569
1243138051259449347
1243138054438567938
1243138058742046721
1243138060109438976
1243138061774569473
1243138062126911488
1243138066979500032
1243138067415871488
1243138072159506438
1243138079927480322
1243138080103641088
1243138087334576129
1243138093001117696
1243138103356690433
1243138114861682694
1243138117281947650
1243138124328439809
1243138125712392192
1243138125758685184
1243138125876080640
1243138126001983489
1243138126085632000
1243138126807261186
1243138126899544064
1243138126920298498
1243138128971468800
1243138129420304384
1243138130384957441
1243138133128024064
1243138135535390720
1243138136772935680
1243138139016908800
1243138139314683906
1243138142154166275
1243138142166794241
1243138143236259841
1243138146184892422
1243138148500148225
1243138149083156481
1243138149393600512
1243138150026919936
1243138150857392139
1243138151327113216
1243138151398486021
1243138155802513408
1243138157182357504
1243138160005169154
1243138161770934272
1243138170826481664
1243138172369940480
1243138172416135170
1243138172738994178
1243138174517305346
1243138176270598144
1243138178451718146
1243138179634520066
1243138179860811776
1243138180859265025
1243138184302800897
1243138187305852928
1243138189256273920
1243138193953894402
1243138194557861892
1243138197862920195
1243138200941576193
1243138201042247680
1243138205496401921
1243138211460919296
1243138212643647489
1243138216074543109
1243138228577861634
1243138228854587392
1243138229974548480
1243138230544928779
1243138230779699201
1243138233611046912
1243138238597992448
1243138240862924806
1243138241848578049
1243138244369199104
1243138248802779136
1243138251591909378
1243138251659018240
1243138260395835392
1243138262979338242
1243138267857293315
1243138271208759297
1243138274761347072
1243138276216668162
1243138278246748160
1243138279538450433
1243138279588999168
1243138284710170624
1243138290686906370
1243138299297857537
1243138299532922880
1243138300954714113
1243138307074203651
1243138310207397890
1243138312103215108
1243138312749158401
1243138318033981440
1243138331367661569
1243138338774794241
1243138340729298945
1243138340788076544
1243138353177874432
1243138357024210945
1243138358563311616
1243138359800639488
1243138360165593088
1243138361335975936
1243138367275110401
1243138369913307136
1243138372148678656
1243138375164534789
1243138381673926656
1243138383465111552
1243138386128445440
1243138389798465539
1243138398942093313
1243138400871419911
1243138402863788034
1243138403568422913
1243138409410883584
1243138410027646978
1243138417606754304
1243138417996767232
1243138418277842950
1243138419204685827
1243138422912372737
1243138424942411776
1243138426347687938
1243138427924537345
1243138432710344705
1243138445578510339
1243138446178295808
1243138451974672389
1243138453161869313
1243138455032512512
1243138460250234882
1243138466680012801
1243138467300704256
1243138468387196929
1243138469121187840
1243138469423206400
1243138470668886017
1243138475223891968
1243138479447576581
1243138481456644096
1243138483667042305
1243138485436985351
1243138486066188293
1243138493624262658
1243138498275807233
1243138499148017665
1243138500506996736
1243138503292174336
1243138508262223872
1243138512192327687
1243138512242630658
1243138513794629632
1243138516332273664
1243138523156250626
1243138525274374151
1243138525807198209
1243138527807692800
1243138528558698497
1243138529628024833
1243138530622103552
1243138532232683521
1243138533398847489
1243138534908858369
1243138535772680192
1243138541703528448
1243138548154458113
1243138553791614976
1243138555930689537
1243138561249095680
1243138562637381633
1243138570124230656
1243138571239899137
1243138571692892160
1243138572791754752
1243138573903319040
1243138579691339776
1243138581251731456
1243138592240807937
1243138599132049408
1243138602349088769
1243138604563603456
1243138610381160449
1243138612381847557
1243138613342339079
1243138614336335873
1243138615288397826
1243138615967805443
1243138619491024898
1243138629993664513
1243138630106914818
1243138641309777924
1243138642379497472
1243138649165893632
1243138653553135616
1243138653808926720
1243138658124926976
1243138658732998656
1243138661845209088
1243138665468981248
1243138669722009600
1243138673266352130
1243138680996474881
1243138685551415296
1243138685618532355
1243138686104899584
1243138692350275585
1243138693248036865
1243138699342348294
1243138706019680256
1243138706858479617
1243138730229145603
1243138730719920128
1243138733865607169
1243138741381799936
1243138749879353344
1243138753243287552
1243138754350583809
1243138761434828804
1243138762172813313
1243138762420318209
1243138762642731009
1243138768971988994
1243138773061373954
1243138781013630976
1243138784633520130
1243138788446044163
1243138791994535942
1243138794724851713
1243138799137370113
1243138799674298369
1243138802643853312
1243138804007014405
1243138808456949762
1243138813481775104
1243138814098497536
1243138821610405889
1243138821736165376
1243138822289817601
1243138824479346689
1243138829457883136
1243138829600444419
1243138830099607552
1243138832389804034
1243138832901513216
1243138840182829058
1243138844377133056
1243138846298169344
1243138846503641088
1243138846847459333
1243138854955225088
1243138858302177280
1243138863914274816
1243138864148959232
1243138871313006593
1243138875754598402
1243138877025587204
1243138883623190528
1243138884206239744
1243138884415995905
1243138890325729280
1243138893521793026
1243138900555685888
1243138902300426241
1243138921925672963
1243138923276177408
1243138926400987136
1243138928154198016
1243138934579900418
1243138937708843009
1243138940187574272
1243138940585922561
1243138943660351489
1243138946323951616
1243138946932125696
1243138966926372864
1243138970428604417
1243138970751578113
1243138974434156549
1243138975197466625
1243138975243685893
1243138977600806912
1243138981522358273
1243138992394121216
1243138993396404224
1243138993933467648
1243138995086864385
1243138996244447232
1243139001839575041
1243139003949424640
1243139005538947072
1243139005929205761
1243139009070665729
1243139009670504449
1243139009741754368
1243139011708846080
1243139011864133637
1243139012283387904
1243139013893971968
1243139014774980608
1243139015106273280
1243139022614155266
1243139024585404416
1243139028251291651
1243139029501009921
1243139031229034496
1243139036253995008
1243139036979646470
1243139047335383040
1243139053484113920
1243139054654259206
1243139065953820674
1243139070399778816
1243139073675423746
1243139074724171776
1243139076494065664
1243139079962865664
1243139083506941952
1243139083653668864
1243139085201522688
1243139091123896320
1243139096664592388
1243139098778320896
1243139099176972290
1243139099797700608
1243139103303983106
1243139104226676736
1243139107217231872
1243139108093882369
1243139108723015680
1243139110006448130
1243139111755689984
1243139111919050752
1243139113810706432
1243139114435850240
1243139116738301953
1243139117132722178
1243139120299294722
1243139121284968457
1243139122220265472
1243139122266542080
1243139123273236481
1243139124699320320
1243139126456549376
1243139142885638144
1243139147562463232
1243139156345270272
1243139156613582848
1243139159834984448
1243139160996827136
1243139169544802306
1243139171331584000
1243139175790137344
1243139176805081089
1243139177904050178
1243139188192575488
1243139191665504258
1243139195385905153
1243139200284626945
1243139200855097344
1243139202398793734
1243139203757756417
1243139204101660673
1243139210640527361
1243139211303301120
1243139212913803265
1243139215791017984
1243139216697163779
1243139223122776064
1243139234141278215
1243139236863361024
1243139237182083072
1243139237333041154
1243139242202517504
1243139243091931140
1243139245839130625
1243139246728327169
1243139250239012866
1243139252390514688
1243139255750270982
1243139257188913155
1243139260057698304
1243139261190332417
1243139267091718144
1243139269633298432
1243139272997326848
1243139273001402368
1243139275744370688
1243139276948287489
1243139284837769217
1243139287140323337
1243139290110066690
1243139297550753801
1243139308770471938
1243139309026197505
1243139312897740806
1243139317624602625
1243139318480343043
1243139322636914688
1243139324545249280
1243139327049322496
1243139330140450816
1243139330656178177
1243139331461656577
1243139331507793920
1243139335941009408
1243139338554277890
1243139339355373569
1243139342656245761
1243139345701171200
1243139348205199360
1243139353276289025
1243139357097308162
1243139363082567680
1243139369654874113
1243139369789087746
1243139378009997312
1243139378010095616
1243139378395910148
1243139379289358343
1243139388432887808
1243139388831412224
1243139389120790530
1243139390001549320
1243139391712669696
1243139391964483584
1243139392425693187
1243139394678206464
1243139398344028161
1243139398654451714
1243139399480520706
1243139399631675392
1243139400185364486
1243139403331092487
1243139404631281664
1243139406728290304
1243139407340855297
1243139409475710976
1243139411287695361
1243139413804285952
1243139417553985536
1243139418610860034
1243139421450514433
1243139425430728704
1243139425472778247
1243139435329396736
1243139435920633856
1243139436201668608
1243139436772069376
1243139438194184192
1243139438533885952
1243139439272091648
1243139445160902658
1243139445374795777
1243139447891394560
1243139450831425536
1243139453520052225
1243139454577061890
1243139460767744000
1243139461862404096
1243139467910807555
1243139468137312259
1243139473803624448
1243139477087780864
1243139480602718208
1243139480799924224
1243139484549394434
1243139485988257794
1243139487712137217
1243139489389785088
1243139493437280257
1243139501171642368
1243139503591534592
1243139504820625408
1243139506355810305
1243139507349848064
1243139507760836609
1243139508607913984
1243139509648318466
1243139512441671682
1243139513851011073
1243139520251469825
1243139522050822150
1243139524776980480
1243139524890439681
1243139527805370369
1243139531118952452
1243139541743087619
1243139542103752704
1243139543299018753
1243139544653787136
1243139546193281025
1243139552090288128
1243139553990291456
1243139554250330112
1243139555538108417
1243139559417958400
1243139561980604418
1243139562290819073
1243139566816694272
1243139567277883392
1243139567752019968
1243139569731670019
1243139571380097024
1243139586395721729
1243139589180661760
1243139595019202565
1243139600345792512
1243139616682561537
1243139619832635393
1243139620000456709
1243139621464276993
1243139627239628803
1243139630964396037
1243139632419790851
1243139633044750338
1243139635733131264
1243139637566214144
1243139640820781056
1243139643102515200
1243139643849216002
1243139646487433216
1243139649238958081
1243139650769711104
1243139659586306048
1243139662589411333
1243139670256435201
1243139675398615040
1243139677843894273
1243139687474233345
1243139690661888000
1243139691991498753
1243139696575819776
1243139698270318592
1243139700908593153
1243139705480179712
1243139707900506112
1243139710551306246
1243139712031682566
1243139715559284737
1243139718092664832
1243139721909411840
1243139734874054656
1243139737386352641
1243139737780736001
1243139738145603585
1243139739391229958
1243139745149939712
1243139746563608577
1243139752506859526
1243139754457067521
1243139756634132486
1243139762460020737
1243139762623520768
1243139765446344704
1243139766335311873
1243139768738820099
1243139772920578050
1243139773784522752
1243139774929604608
1243139775235842048
1243139781623713794
1243139783616073729
1243139786132635649
1243139787986472961
1243139795859263489
1243139796073156608
1243139798493204482
1243139809914355712
1243139810962935808
1243139814553276416
1243139817522606081
1243139821704445952
1243139821821931520
1243139824179130368
1243139832093773824
1243139833058463744
1243139834044133376
1243139836925685763
1243139840381726722
1243139844118888450
1243139844513116161
1243139845821775873
1243139846115393537
1243139846186528769
1243139853602230272
1243139854243856385
1243139860958830593
1243139861118402560
1243139865778311169
1243139866369671174
1243139869255270400
1243139873663524864
1243139875932704769
1243139879988539392
1243139883469803524
1243139884560404480
1243139886108082177
1243139889551507456
1243139894341402624
1243139895683698690
1243139897424326661
1243139897487028225
1243139899131215872
1243139900276453376
1243139909587697664
1243139911898861568
1243139915224879106
1243139917699354624
1243139926423523328
1243139928608948224
1243139934615199747
1243139937169559552
1243139940042649600
1243139948619988992
1243139949983080448
1243139956106645504
1243139965552394240
1243139967372541952
1243139968006000640
1243139973932433408
1243139975807266816
1243139976470188032
1243139976570773505
1243139977065549824
1243139979854917632
1243139981255872512
1243139983495647236
1243139992039362560
1243139997483630592
1243140003544391681
1243140003930267648
1243140005565845506
1243140006362796032
1243140006664966144
1243140006904037378
1243140008527134723
1243140016831938562
1243140020954902528
1243140022586441728
1243140029079322624
1243140037652484097
1243140038688411650
1243140044770234368
1243140048276484098
1243140048972906496
1243140052508528640
1243140057172713473
1243140062818242560
1243140064013623297
1243140071408021504
1243140074327269377
1243140076483284993
1243140081059315712
1243140084146286592
1243140087719899136
1243140088000905217
1243140094397009920
1243140099145117699
1243140105721786370
1243140108460666880
1243140110566207488
1243140113997103105
1243140119097303040
1243140120187940868
1243140120938606595
1243140122025037825
1243140122612293633
1243140123119816705
1243140124474564614
1243140126211018753
1243140130489188352
1243140130749243392
1243140131277733888
1243140132754112514
1243140135060996096
1243140139142037504
1243140139150233601
1243140142690426885
1243140148117876741
1243140149292269574
1243140150470852610
1243140151544602629
1243140160319078400
1243140161426411520
1243140168573386758
1243140171257786369
1243140176777543680
1243140179457646596
1243140183031250944
1243140184830509056
1243140187019980803
1243140194301337600
1243140195031138305
1243140195094007808
1243140197832740864
1243140208171737089
1243140211321774080
1243140213179850753
1243140220079550464
1243140220738048000
1243140221153226752
1243140221170049026
1243140222344454146
1243140222759690240
1243140224814850048
1243140243307614209
1243140252182745088
1243140253076111362
1243140260088946688
1243140263805149185
1243140265914896386
1243140270356459521
1243140281534279681
1243140287515389952
1243140287721082880
1243140290413649921
1243140292099923969
1243140292716396544
1243140293588733952
1243140296193519618
1243140297921630208
1243140301243310080
1243140303655243776
1243140304213024768
1243140304397455360
1243140308319305728
1243140310135341056
1243140311305445377
1243140311380975616
1243140311951474689
1243140314505850880
1243140316795994112
1243140322638643206
1243140322852560896
1243140325746458624
1243140330913964032
1243140338895773698
1243140342515290112
1243140343349964802
1243140343887007744
1243140343995887616
1243140347238236160
1243140347250634752
1243140348840476672
1243140351256219655
1243140356574715904
1243140357367508993
1243140359800213511
1243140364657139713
1243140365508587522
1243140367203078145
1243140373045788672
1243140374559948802
1243140375138775040
1243140378980691968
1243140389873291266
1243140398425337857
1243140399276924928
1243140406948265987
1243140407203999745
1243140408978345984
1243140416641404929
1243140419032154113
1243140427512938496
1243140430285492224
1243140430981668864
1243140435507154945
1243140437856133127
1243140438598594560
1243140445921828865
1243140449046593536
1243140455153446912
1243140459943215105
1243140466364776448
1243140467287613440
1243140467941724162
1243140479958618112
1243140480050683904
1243140486619152384
1243140486770184192
1243140489110384641
1243140491400577024
1243140497847341057
1243140499030061056
1243140499340439552
1243140509146566656
1243140510430064642
1243140516927156226
1243140519347269633
1243140525970149376
1243140532794273792
1243140542956961792
1243140553610530816
1243140554961149952
1243140564624609280
1243140569812971523
1243140571939602434
1243140572631662593
1243140577341755392
1243140577660674048
1243140578545741825
1243140584208023552
1243140591359229954
1243140603208237056
1243140603732545537
1243140609537454080
1243140610686476289
1243140611374489600
1243140614822285312
1243140616491540480
1243140621382156289
1243140623517077505
1243140629644918795
1243140629879836679
1243140630844444678
1243140632878538752
1243140636481589248
1243140639379857408
1243140640097042433
1243140642240331778
1243140642324090880
1243140642441531392
1243140650486374401
1243140650641604609
1243140650687582209
1243140653221122049
1243140658807930880
1243140663748763648
1243140664096784384
1243140666147909633
1243140667720818689
1243140668152782850
1243140668739944449
1243140669113356292
1243140674603692034
1243140677099118593
1243140681356451841
1243140683504013312
1243140684158078976
1243140684229619713
1243140684649058304
1243140687329099777
1243140690026037249
1243140693054427136
1243140693113155584
1243140695415615488
1243140696535715841
1243140709928054785
1243140717003882496
1243140717205229568
1243140721638617088
1243140722603278343
1243140722703978497
1243140726940188674
1243140728223563776
1243140736817692677
1243140741901189121
1243140750616870914
1243140751405580289
1243140752013701120
1243140755612450818
1243140756937662464
1243140758238040064
1243140768648138752
1243140770682613760
1243140770879754242
1243140780421779457
1243140780501479424
1243140780547440641
1243140787283648512
1243140792421580800
1243140795647098882
1243140795999432708
1243140802429235201
1243140810410995717
1243140816127897601
1243140816970878982
1243140818254217217
1243140819365687298
1243140819449720839
1243140824608600064
1243140825451769857
1243140825523064832
1243140826219175941
1243140829079724033
1243140829536911361
1243140832267567104
1243140832745721856
1243140837976035329
1243140838365921280
1243140838584127492
1243140838919745536
1243140839150211072
1243140845391544320
1243140845722877953
1243140849107701760
1243140849329987585
1243140852903485442
1243140854694502401
1243140855084355589
1243140860973326337
1243140864353984512
1243140865918459909
1243140867306684417
1243140870003552257
1243140875405996032
1243140877108871168
1243140877951918082
1243140878899658752
1243140880090812416
1243140880782913536
1243140881873600513
1243140882741821440
1243140882855071746
1243140884071362560
1243140888420737024
1243140891528908802
1243140894016122880
1243140894947250177
1243140895156961282
1243140898931826688
1243140900013789186
1243140901385297920
1243140901909729281
1243140906489917440
1243140910348558336
1243140920591163394
1243140920981291011
1243140926224117760
1243140926379372544
1243140934583418881
1243140939176185861
1243140940027572225
1243140941344657408
1243140942518980610
1243140946138517504
1243140947963191297
1243140948089090048
1243140953700851713
1243140954225283072
1243140954422468609
1243140955445829632
1243140956834103296
1243140958755135489
1243140961372385280
1243140964581023744
1243140966099402753
1243140966891966464
1243140976757129216
1243140981840646144
1243140981903503362
1243140982654275584
1243140984189394944
1243140985774837760
1243140988039823361
1243140993605492738
1243140996818284544
1243140998429134849
1243141007975362561
1243141012568125441
1243141012798627840
1243141029768892416
1243141030054178828
1243141031392051202
1243141040531374081
1243141040946778119
1243141041919754240
1243141050824302593
1243141051235385346
1243141057661018115
1243141062790656000
1243141065693167616
1243141077533700099
1243141081174175744
1243141085557391366
1243141090787508229
1243141094235197440
1243141096278024197
1243141099625033735
1243141099910201345
1243141101009149952
1243141107602644992
1243141123176046592
1243141124522479617
1243141125734576130
1243141127877939200
1243141130532704260
1243141130604216323
1243141130633568258
1243141133913513985
1243141134269980673
1243141137948233730
1243141139798151169
1243141140800405504
1243141145959464961
1243141148501331968
1243141154729865220
1243141156738723841
1243141157628063748
1243141160337649664
1243141160555753473
1243141170949054464
1243141174581497856
1243141178880659456
1243141180331868160
1243141181967654913
1243141182689075206
1243141183368462337
1243141184559681539
1243141185914507265
1243141190670643200
1243141194617475072
1243141200216854529
1243141203224186881
1243141204956655616
1243141208773459968
1243141210006417409
1243141210874798080
1243141213760491520
1243141217996533760
1243141220601417728
1243141224338542593
1243141227668738048
1243141238901157889
1243141241153478657
1243141250754084864
1243141253820268545
1243141261063860225
1243141263072903169
1243141263718662144
1243141266210041859
1243141270702190594
1243141279795593216
1243141286129000448
1243141286539997186
1243141288003805189
1243141298720092160
1243141300314087424
1243141303698952194
1243141311802286091
1243141322816532480
1243141324804669440
1243141325391835142
1243141327904215041
1243141328994738180
1243141329070305280
1243141330697682945
1243141330810875905
1243141333465915393
1243141333767856128
1243141334296408066
1243141335168753665
1243141335609204736
1243141341371969538
1243141352306675712
1243141358409285635
1243141360389144576
1243141363539095552
1243141364738637828
1243141365267156993
1243141375098413056
1243141375216037888
1243141382207832070
1243141385445933056
1243141390432972800
1243141390479101953
1243141393901670400
1243141399010213888
1243141402365693952
1243141405452775430
1243141409181437952
1243141413853896704
1243141423257587712
1243141433097363459
1243141434531819521
1243141436738097156
1243141438268899328
1243141439195762690
1243141440403841026
1243141441905459207
1243141442362540033
1243141446787428353
1243141451132719110
1243141451606786050
1243141452936482817
1243141455503413248
1243141457600536576
1243141459462758408
1243141463950712832
1243141468442652672
1243141469575303173
1243141471076745218
1243141471731097602
1243141472414846976
1243141482275647489
1243141488571269120
1243141490907455488
1243141491008122881
1243141494267150338
1243141495261192193
1243141503309901824
1243141503712555010
1243141503888904192
1243141504081723393
1243141505872781312
1243141506824843264
1243141508074803201
1243141513619570688
1243141517126127616
1243141529713217538
1243141533760499712
1243141533865373697
1243141539758346240
1243141544078479363
1243141548008669187
1243141550630211586
1243141551233961984
1243141551557050368
1243141552081457154
1243141553335476225
1243141555491188737
1243141555529154561
1243141558733602817
1243141561799585792
1243141567323320323
1243141567424192512
1243141585912594434
1243141593189801984
1243141595043631108
1243141601745985536
1243141604229238785
1243141609635622913
1243141610277388290
1243141614396194816
1243141616434470913
1243141633262137346
1243141633765408770
1243141634730143745
1243141638203084800
1243141638534422528
1243141640039968768
1243141643714215941
1243141645320761345
1243141654195982386
1243141656662151200
1243141657584742400
1243141657761021953
1243141662156750849
1243141662580277250
1243141674202619904
1243141676413181952
1243141680225759233
1243141681089634306
1243141682020921344
1243141687897186305
1243141688522158080
1243141689277022208
1243141691172950016
1243141691558825985
1243141692066316289
1243141693114703872
1243141696831008769
1243141697179201536
1243141699423145986
1243141699628490752
1243141701398560768
1243141702384320512
1243141703181242374
1243141704405966848
1243141706712854528
1243141711284465664
1243141712702140417
1243141716426854400
1243141721094905856
1243141728657383424
1243141730389635072
1243141745132658688
1243141766137753600
1243141767781847041
1243141770155823106
1243141774178164739
1243141775251783681
1243141784949096449
1243141790078840833
1243141790192074757
1243141794029875200
1243141794348531714
1243141797334917121
1243141798505013249
1243141801311178753
1243141803500429312
1243141807267098624
1243141809506865152
1243141809942999040
1243141811482152960
1243141814552428544
1243141815865348099
1243141834853007362
1243141848194904067
1243141849214267392
1243141850564907008
1243141851512799232
1243141852473315329
1243141852758499333
1243141860190834688
1243141873889357824
1243141879430078465
1243141885624975360
1243141889500549120
1243141890947588096
1243141891203518464
1243141892688265223
1243141893124390912
1243141896240803840
1243141900590133249
1243141902469419011
1243141903480209410
1243141906873241606
1243141908484022273
1243141908978962433
1243141909624881152
1243141909742325761
1243141912187613186
1243141915756892161
1243141917539545095
1243141917883367425
1243141921301807105
1243141922522312704
1243141927408730112
1243141927727292416
1243141928767504385
1243141930566979586
1243141933838544904
1243141934606102529
1243141934757134346
1243141937953210369
1243141938204868608
1243141939236466688
1243141941962911744
1243141941983879168
1243141944492122117
1243141949667893249
1243141952880758784
1243141953308577792
1243141955674091521
1243141957398016006
1243141957888512001
1243141970458886145
1243141971302023168
1243141972430409728
1243141972828868610
1243141981133512704
1243141981246599170
1243141989547356163
1243141989568090112
1243141990834933760
1243141992948916224
1243141995876552704
1243142000737767429
1243142002956537858
1243142003044560898
1243142009902284805
1243142014553776128
1243142016357355521
1243142019872104451
1243142027392495618
1243142029472759811
1243142032488648704
1243142032928972800
1243142034703003650
1243142037572136960
1243142038276780032
1243142040977801216
1243142045352550402
1243142052650639362
1243142054366121985
1243142056933015553
1243142062935019522
1243142064969302016
1243142066743451653
1243142068903411719
1243142069020807168
1243142077891764224
1243142079456464896
1243142081532624896
1243142083356975106
1243142089744891905
1243142095688339458
1243142098032959490
1243142106383859712
1243142106631282694
1243142110192324609
1243142110318153729
1243142110930513923
1243142119889481730
1243142119935619074
1243142126948368386
1243142133835599874
1243142135324348416
1243142152215048192
1243142152370016256
1243142153284603905
1243142156669370368
1243142157206278146
1243142158418354176
1243142159781507072
1243142170120531968
1243142173077299201
1243142173966516224
1243142174344003584
1243142183865266177
1243142184855011328
1243142188185169921
1243142191972782083
1243142194640404482
1243142195168907264
1243142195223433217
1243142196678754305
1243142199296000005
1243142209240793088
1243142209618223106
1243142212382326784
1243142214433284099
1243142216614174720
1243142218002477056
1243142226873667586
1243142231793577989
1243142235861942275
1243142237669806081
1243142242358837249
1243142244309188608
1243142245399683072
1243142248746954756
1243142254039937025
1243142254434201600
1243142258871930880
1243142263032565761
1243142264760807424
1243142267419820032
1243142279814053888
1243142282322141185
1243142287275765760
1243142298441068546
1243142304824786946
1243142306062045184
1243142308780027904
1243142310885351426
1243142311682478080
1243142312793903108
1243142315377602561
1243142316757602304
1243142317080555520
1243142326131863552
1243142328069623813
1243142329252413440
1243142339838619648
1243142340778373122
1243142356527955968
1243142357136146433
1243142358004191234
1243142361082933250
1243142366099365888
1243142366598438914
1243142372894130182
1243142373380481025
1243142376748511232
1243142377667203075
1243142383308427264
1243142383447015426
1243142383698612225
1243142383816052748
1243142384491180033
1243142386005442562
1243142386424971264
1243142391038504961
1243142399032995841
1243142400874369029
1243142403441254403
1243142404267376641
1243142405911543811
1243142410642874369
1243142422474997760
1243142427201826816
1243142429563387906
1243142435263348736
1243142436618031104
1243142437788360704
1243142441974337539
1243142443987374082
1243142447422734336
1243142453575569418
1243142455261720576
1243142456532774913
1243142458298576897
1243142460668350465
1243142464501776385
1243142469522534403
1243142472303169536
1243142478561230850
1243142478892396545
1243142480549249024
1243142485297283073
1243142490288353284
1243142494998716416
1243142498173812737
1243142502170923008
1243142504423346176
1243142508248522757
1243142512899956736
1243142513097138176
1243142515840163840
1243142523150913541
1243142525822488579
1243142535796551682
1243142540225896448
1243142545355481088
1243142545527525377
1243142545955266560
1243142554729807881
1243142556755668992
1243142559549063168
1243142564645134337
1243142575005057024
1243142575508336642
1243142575864807424
1243142576972206081
1243142579790721031
1243142584383549440
1243142586782515200
1243142591425572864
1243142591564087299
1243142592726020099
1243142593250095106
1243142599554334721
1243142599743070214
1243142607670214656
1243142607884226562
1243142613462630406
1243142614259556352
1243142615014539269
1243142615652093955
1243142617581281280
1243142622576705536
1243142626867625984
1243142626963902464
1243142641002438656
1243142642310897664
1243142643355455489
1243142643640565767
1243142646492790785
1243142647151300608
1243142650183716867
1243142653845352449
1243142653853736968
1243142653870403584
1243142655598645248
1243142656173187074
1243142662426853381
1243142663324479489
1243142663341330432
1243142667195674624
1243142674737238023
1243142680311283712
1243142691690602497
1243142694890807301
1243142706471239680
1243142711848435713
1243142725752565760
1243142729909108736
1243142731192385536
1243142739304361985
1243142741879672832
1243142742726905866
1243142747642609665
1243142749290999810
1243142751622856704
1243142756819783680
1243142762716790784
1243142763555762176
1243142765434687488
1243142772175052801
1243142772728549376
1243142773685006336
1243142777073831937
1243142780102144000
1243142783415865350
1243142784141279234
1243142787853402113
1243142789744832512
1243142790588006400
1243142791267573761
1243142791431151617
1243142792462905344
1243142795709341696
1243142797932269568
1243142798427054080
1243142798838243329
1243142801031864320
1243142801082052608
1243142804060192769
1243142821990879235
1243142823525797888
1243142831360880641
1243142832338198529
1243142833999163393
1243142836142444545
1243142837937549312
1243142842039427076
1243142845634142216
1243142847714471937
1243142850784755712
1243142851212558338
1243142854496698369
1243142854530105345
1243142855457042432
1243142861018677250
1243142864349155333
1243142867645878274
1243142867679232001
1243142869633961984
1243142869860392961
1243142873719209984
1243142879779926016
1243142880845275136
1243142883223449600
1243142884339200003
1243142886839005184
1243142893482754048
1243142896083030016
1243142898788507649
1243142903033204736
1243142903129661444
1243142908804345857
1243142914726711296
1243142914860974080
1243142915905532062
1243142916371079168
1243142917277077504
1243142917323141122
1243142918434689024
1243142921999675392
1243142927544537088
1243142927947378688
1243142941406826496
1243142944653053952
1243142945504624640
1243142946624606210
1243142947702558720
1243142947803144193
1243142948033900545
1243142949220675586
1243142954602110978
1243142959643713537
1243142959945654273
1243142962479091713
1243142988311613445
1243142988487782402
1243142996859793410
1243142999854518275
1243142999976161281
1243143003025203200
1243143009027395585
1243143010545786880
1243143014530179072
1243143014597513218
1243143016799449089
1243143019722833922
1243143022004625409
1243143027503312898
1243143028539351041
1243143029378240512
1243143032473559042
1243143036323987457
1243143040543477760
1243143040803524609
1243143043487694848
1243143043538190337
1243143043705982977
1243143044628692997
1243143045349904384
1243143047908659201
1243143055613534209
1243143059958894593
1243143062244728832
1243143063662460929
1243143073334538240
1243143074131447808
1243143078392639488
1243143081173684225
1243143085988732933
1243143087658016768
1243143092359888896
1243143094335410177
1243143099271929856
1243143101541240833
1243143103214690304
1243143103453761537
1243143103596257280
1243143103692902401
1243143104254918660
1243143106544963584
1243143114409119744
1243143116498055169
1243143118158995456
1243143118649778177
1243143120897871872
1243143121870950401
1243143125553549312
1243143137368948736
1243143139893956608
1243143144335642624
1243143149058310149
1243143149628854272
1243143150098624513
1243143156704649219
1243143157476442113
1243143159174934528
1243143159300800513
1243143160512917504
1243143161825890305
1243143166095757312
1243143169073713154
1243143169136566273
1243143171741270016
1243143173423202309
1243143173838450689
1243143174002016256
1243143177634283520
1243143178716356608
1243143179777585154
1243143180054339584
1243143182394830848
1243143186320699393
1243143193778171904
1243143196147879936
1243143196286300160
1243143200895725570
1243143208210759680
1243143215718506498
1243143221548666881
1243143222194352128
1243143231946227714
1243143234479677441
1243143236270592001
1243143239542202369
1243143252452073476
1243143254591365124
1243143255891599361
1243143256495382529
1243143256545861632
1243143260014428160
1243143260270280704
1243143261423689734
1243143270852628480
1243143272769499137
1243143274837221376
1243143276133261316
1243143280382132224
1243143285130047489
1243143287059464192
1243143288367927296
1243143290574319617
1243143290758688771
1243143291429847041
1243143296341417984
1243143300078419971
1243143310421757952
1243143315714985988
1243143316625141762
1243143316947992581
1243143317140865025
1243143321482145793
1243143325991014401
1243143335017091072
1243143341497253889
1243143345129639936
1243143350699638785
1243143353522323457
1243143353991974912
1243143354986237952
1243143367627849728
1243143371474042881
1243143372182822914
1243143374330310656
1243143374812700672
1243143375676637185
1243143384862244866
1243143391921287168
1243143396795056129
1243143398581829639
1243143399328428034
1243143401291333632
1243143408463609856
1243143410732548096
1243143412829900801
1243143414029471744
1243143420295643136
1243143428990554112
1243143429246214144
1243143436947140616
1243143438561878016
1243143439203602434
1243143440466096131
1243143444270219264
1243143449332707329
1243143452381966337
1243143454517059584
1243143455716659200
1243143468278579201
1243143474028793859
1243143474074943489
1243143475924799488
1243143476394557440
1243143478298562560
1243143481507196929
1243143482107203585
1243143483118026752
1243143483436785664
1243143483852050432
1243143488679575553
1243143490671910912
1243143491947048962
1243143499484102657
1243143501795254273
1243143502600404993
1243143507809841153
1243143508766187520
1243143511144357889
1243143512087904256
1243143513832914945
1243143520568750080
1243143521047138305
1243143525933277184
1243143526780678144
1243143533223165952
1243143535228071937
1243143542140092416
1243143547135692801
1243143551191523328
1243143556639965185
1243143566664310785
1243143569415778308
1243143574759387139
1243143577686937601
1243143579742220290
1243143580308451329
1243143582266970113
1243143583361892352
1243143585849098248
1243143595265155074
1243143597211422720
1243143598205317120
1243143599480541185
1243143606375940099
1243143611304329217
1243143611497119744
1243143612222836737
1243143614923825153
1243143615121154049
1243143625313259520
1243143627280396288
1243143627771166721
1243143630614921223
1243143630774206464
1243143634989400065
1243143637501980673
1243143637908762625
1243143641788567554
1243143642535153664
1243143643684376576
1243143644703531010
1243143648193196032
1243143649107509248
1243143658204889089
1243143667084337152
1243143669928071170
1243143671538745345
1243143672570548224
1243143672935460864
1243143675519143937
1243143681026252802
1243143686042669056
1243143692841443329
1243143696574484481
1243143696817807361
1243143700592488448
1243143705902682112
1243143706573778944
1243143708725444608
1243143709014851591
1243143714278723584
1243143719320260608
1243143719403966465
1243143723153788929
1243143724047175680
1243143725896925185
1243143733492752386
1243143733593292802
1243143733945794561
1243143734373515264
1243143735828975616
1243143742904766464
1243143744435740672
1243143745408839680
1243143745660489730
1243143753625411584
1243143755768541186
1243143758427930624
1243143762026651649
1243143762056040448
1243143763050061825
1243143766711681025
1243143767030464513
1243143771002474496
1243143771774013441
1243143775632965633
1243143781169475584
1243143784533315584
1243143789226622977
1243143793047736322
1243143795530772481
1243143796029882370
1243143800123424769
1243143800815595526
1243143810261057539
1243143811896926210
1243143815730520065
1243143818330935297
1243143819513610240
1243143820839092225
1243143822424428544
1243143822810349577
1243143823770992641
1243143829642854401
1243143839931490304
1243143839982006279
1243143841416450048
1243143854989008898
1243143860248666112
1243143863264518146
1243143871300845570
1243143873032929280
1243143873871753217
1243143887658590209
1243143894755430400
1243143896609312769
1243143897355882496
1243143898400202754
1243143899427876864
1243143902732795905
1243143905274662913
1243143906788851714
1243143908600819712
1243143909343211526
1243143910517587968
1243143911616454656
1243143912144941059
1243143914682490880
1243143915747921920
1243143916137963521
1243143916498583553
1243143917673078785
1243143930142584834
1243143935498653697
1243143940255240192
1243143943929450502
1243143944583741440
1243143947536363520
1243143948513804289
1243143950711631872
1243143953366626304
1243143955182686209
1243143959490310148
1243143963134947332
1243143967975366657
1243143969929719808
1243143970009612288
1243143970512875523
1243143973209812992
1243143974942105605
1243143977169231872
1243143984492445696
1243143985226338311
1243143997717168128
1243144000317636609
1243144000636211201
1243144005183045633
1243144005552148481
1243144006382452738
1243144008676839425
1243144009511587843
1243144021037457408
1243144022446813185
1243144024082370566
1243144024820768768
1243144025940639745
1243144034396393473
1243144049114017792
1243144051131592707
1243144051202781185
1243144051660070912
1243144053828587526
1243144067845722112
1243144070299561984
1243144077849137158
1243144084996468736
1243144089182208000
1243144091908616195
1243144104227131392
1243144106852974592
1243144107670802437
1243144123667763201
1243144123894423552
1243144127916761088
1243144128294080512
1243144128894033920
1243144129233682432
1243144140763926529
1243144141023907840
1243144141321756673
1243144142454239233
1243144142999306240
1243144143997677570
1243144144815566848
1243144146392469504
1243144147231338496
1243144148229783552
1243144149416570882
1243144150758932481
1243144153636241409
1243144158719750149
1243144159646670848
1243144159697002497
1243144167187828744
1243144167892623364
1243144169012543490
1243144172145643522
1243144173391360000
1243144177627664384
1243144181117116417
1243144181192609792
1243144186133708801
1243144186448302081
1243144186678788096
1243144187773665280
1243144188511821824
1243144192374853633
1243144192668336129
1243144192823644161
1243144196128555008
1243144196887916544
1243144201816150016
1243144204626415616
1243144210699767810
1243144214373859329
1243144223349788673
1243144223400046597
1243144227648868358
1243144235668422656
1243144238415720448
1243144249828413440
1243144249991782400
1243144254999805953
1243144259987034112
1243144268455215105
1243144268702797824
1243144269357101057
1243144269424025601
1243144275484979200
1243144279809298432
1243144280685907968
1243144281059098624
1243144281428295684
1243144282753679360
1243144284561223681
1243144288734765058
1243144288801894401
1243144292027092994
1243144294946549760
1243144296607424512
1243144297559601152
1243144301271449607
1243144301716082688
1243144302655651841
1243144309995692032
1243144311753113603
1243144314324168704
1243144314487738368
1243144316203274242
1243144317750906880
1243144318904176640
1243144323681714177
1243144330866577413
1243144331717984256
1243144335513788419
1243144340559429632
1243144341104865281
1243144343071924224
1243144347400503297
1243144353977073664
1243144355369693186
1243144369508683776
1243144370196373506
1243144372650160129
1243144375732809728
1243144376303288320
1243144378874572800
1243144379016986625
1243144384020971520
1243144384448692224
1243144388764672000
1243144388861140992
1243144393294577665
1243144394007556096
1243144404153425925
1243144405155844096
1243144417512288257
1243144425708150784
1243144425871527937
1243144426798460929
1243144433148854273
1243144435736682496
1243144436382654466
1243144438085324800
1243144439494856704
1243144441080225793
1243144442242097152
1243144447656890373
1243144448516726785
1243144449439531008
1243144452790771712
1243144455592566784
1243144455621877761
1243144456187985922
1243144456615989248
1243144458176208896
1243144465650536453
1243144470436229127
1243144470679261185
1243144475586768896
1243144477612617728
1243144479806234624
1243144481651798017
1243144485103710208
1243144488547241984
1243144489096679424
1243144490224844800
1243144491978145794
1243144497602666496
1243144500861640707
1243144502250004481
1243144507111112709
1243144507362881536
1243144508264443905
1243144509929766912
1243144511578165248
1243144514593869827
1243144515361427457
1243144520184856579
1243144523741409280
1243144525415100416
1243144525809430528
1243144530200846336
1243144533212139520
1243144534634135552
1243144539088596992
1243144539277320192
1243144539709284353
1243144541588291586
1243144543421300736
1243144547934371841
1243144548592816128
1243144549129691137
1243144549201072129
1243144555718946818
1243144563583311877
1243144564812152832
1243144565386891264
1243144566036971520
1243144572814974977
1243144576606572552
1243144578699534338
1243144585158766592
1243144585573847040
1243144586706538496
1243144589164163072
1243144591680864258
1243144596433055744
1243144604347699201
1243144614997041152
1243144616930656256
1243144619233366019
1243144627357659138
1243144630314696707
1243144632017420294
1243144634051833856
1243144635297361920
1243144635544977408
1243144639218978823
1243144639399497728
1243144643161796609
1243144644482838529
1243144652691083265
1243144663172878336
1243144668801531904
1243144675348729856
1243144676707893249
1243144680918794242
1243144682416345090
1243144682936373249
1243144685205495808
1243144688397410305
1243144689500512257
1243144689789865984
1243144694995070976
1243144698866401280
1243144707204677633
1243144711260512258
1243144712439169024
1243144717946114048
1243144719842107398
1243144723017105408
1243144731023921153
1243144740360589313
1243144747000135681
1243144747482517504
1243144754310905861
1243144760874934273
1243144762842140674
1243144763328602112
1243144764926681090
1243144766314905604
1243144769565532161
1243144772807725056
1243144776830070785
1243144781842309120
1243144785675694081
1243144788175736837
1243144792097210368
1243144794551005187
1243144800557125633
1243144803648286720
1243144805498134528
1243144806542516226
1243144809554022402
1243144814851436544
1243144816264908800
1243144817154166785
1243144818857041920
1243144818974429184
1243144825689563137
1243144825911861248
1243144830147907584
1243144830160699393
1243144832907968520
1243144837022416898
1243144841120428033
1243144841468555267
1243144849823535104
1243144850318471170
1243144850767327232
1243144852981854210
1243144865346736128
1243144866608984064
1243144869473931266
1243144870400872448
1243144875975065600
1243144885299011585
1243144889388294150
1243144894878810112
1243144896179044352
1243144911328862208
1243144911915974657
1243144914839486465
1243144916588531714
1243144918928932870
1243144929142026240
1243144931990011904
1243144933462216706
1243144935727075340
1243144947240329217
1243144961685688320
1243144963069808640
1243144970904711169
1243144973119299588
1243144974172069889
1243144975430422528
1243144976554319873
1243144982019682307
1243144984745799682
1243144989066043392
1243144989145735174
1243144994472558594
1243144997089804294
1243144997177868289
1243145000965361672
1243145001862934530
1243145006346625024
1243145006770249728
1243145009723031553
1243145010683326466
1243145014428893184
1243145019038392326
1243145021093707776
1243145021634854912
1243145027200512000
1243145030036066304
1243145032300969991
1243145032451985408
1243145038340730881
1243145040656052224
1243145041146777601
1243145041490608128
1243145045710180352
1243145056363651073
1243145060037910529
1243145060792905728
1243145062286065665
1243145063384973312
1243145067721830407
1243145067948150789
1243145069990785024
1243145071383339012
1243145078207647744
1243145083186225152
1243145084146724866
1243145084779945984
1243145085237096448
1243145086151655424
1243145091616669697
1243145091847540736
1243145094074642434
1243145096045957122
1243145098520670209
1243145101674778626
1243145108049899523
1243145114014212096
1243145115738275840
1243145119085129730
1243145122948304897
1243145123027795968
1243145132146393090
1243145134054748161
1243145134209892352
1243145138316115974
1243145138454568961
1243145139398287370
1243145149749907456
1243145154929872897
1243145156297134080
1243145156368441345
1243145159686176768
1243145166757801984
1243145167969955842
1243145169198874624
1243145170050220034
1243145170587189248
1243145171002417152
1243145174940897285
1243145174961831937
1243145176438235140
1243145181957730304
1243145183958568961
1243145186051530753
1243145187917881344
1243145194389684224
1243145198596755459
1243145200844902400
1243145205974544384
1243145218754576384
1243145223393476610
1243145227239653376
1243145229697290244
1243145231433748480
1243145231782084610
1243145232729980928
1243145234705309698
1243145237842685952
1243145238908153856
1243145239428300802
1243145246999040001
1243145261532303362
1243145261653921797
1243145261666447361
1243145263579107329
1243145274979057665
1243145279123177472
1243145282600275969
1243145285712449536
1243145285997658118
1243145286756847617
1243145293278973952
1243145298752368641
1243145298806964224
1243145299369037826
1243145300145037314
1243145303349506048
1243145304154591233
1243145304204931072
1243145307157704705
1243145309590564864
1243145313147371521
1243145313998815232
1243145317589155840
1243145325038252032
1243145328280379399
1243145330545381377
1243145330855731200
1243145331283570688
1243145331958636544
1243145332357320704
1243145334123122688
1243145339349151746
1243145339428896768
1243145340800438272
1243145353282584577
1243145354851352576
1243145355593682944
1243145358055591938
1243145360849219584
1243145361411248129
1243145364041015300
1243145364464521217
1243145365282570240
1243145368541388800
1243145369376174081
1243145371494293504
1243145375558643713
1243145376284147712
1243145381623386120
1243145389043339265
1243145390993670145
1243145392168022016
1243145392243564544
1243145392482590720
1243145393598275584
1243145394466557958
1243145395754106880
1243145397503234048
1243145398816047106
1243145400292241408
1243145403492638722
1243145409557495809
1243145415308042241
1243145416016830464
1243145416616509440
1243145416692117505
1243145426947227648
1243145430826876928
1243145437026168835
1243145442944339968
1243145445318307841
1243145454843342848
1243145458295455746
1243145462187778055
1243145466058952704
1243145470408634368
1243145478180679681
1243145483838615552
1243145490801102848
1243145494311960577
1243145496908238848
1243145497172377606
1243145498883690497
1243145500263698432
1243145500397834241
1243145505082765312
1243145507716751361
1243145512741670912
1243145519897042944
1243145520442494976
1243145525089587201
1243145528478662659
1243145529464434693
1243145535864868864
1243145541049032707
1243145542282014720
1243145547763970050
1243145548082958336
1243145548997287936
1243145556567998466
1243145558996348928
1243145559558496257
1243145563719294980
1243145563962392576
1243145566365908992
1243145581578551296
1243145584120418304
1243145585412227074
1243145585693261825
1243145590617366529
1243145595751145475
1243145605364547586
1243145607222444032
1243145614222741506
1243145614998683650
1243145621894291457
1243145622296965120
1243145625191034881
1243145628806332416
1243145628894531584
1243145631159537664
1243145637278949376
1243145642471555072
1243145642941116418
1243145647009734657
1243145648284872707
1243145648893038593
1243145652181389313
1243145658426691584
1243145659114545153
1243145660955754497
1243145660976660480
1243145662746820609
1243145663757631489
1243145670225285122
1243145673765261312
1243145674318909442