1239733189649842179
1239733189737885703
1239733189993730051
1239733191260418048
1239733191566598144
1239733191591723012
1239733192896073728
1239733195924475904
1239733208268156929
1239733208301752320
1239733211497811968
1239733219886538752
1239733222793240578
1239733223036502017
1239733226236784642
1239733229890023425
1239733230116487168
1239733241097175043
1239733241608687618
1239733243341144069
1239733245316599820
1239733256292978689
1239733259443015689
1239733267819106304
1239733273086967808
1239733278409510912
1239733284671807488
1239733299947470848
1239733300404588545
1239733301562298368
1239733304741343232
1239733306196987905
1239733311121088515
1239733312836550656
1239733324630888449
1239733328833544192
1239733341437517830
1239733345283686402
1239733357325451265
1239733371284185088
1239733377772564480
1239733384202633217
1239733390154162177
1239733392280825858
1239733400979648512
1239733429597614081
1239733433586180096
1239733435272433666
1239733439424876549
1239733447003758592
1239733453366661121
1239733454444658689
1239733455866474497
1239733458781396992
1239733461277122561
1239733471657873408
1239733497066999809
1239733498358812674
1239733502356094979
1239733517287927809
1239733521901592576
1239733527064838145
1239733529598144516
1239733535033810944
1239733538334932992
1239733544093724675
1239733546228559872
1239733549978144769
1239733551924416513
1239733563509084161
1239733569800429568
1239733598577664001
1239733604986519555
1239733614792675328
1239733655267753984
1239733655989374976
1239733660590497794
1239733662054137857
1239733678458142720
1239733683860451329
1239733692832059398
1239733700344123393
1239733716215148544
1239733728190095361
1239733729796505602
1239733731591704576
1239733743021182977
1239733743688056834
1239733745722118145
1239733789678501888
1239733805025394690
1239733811883229184
1239733813066039298
1239733820846411777
1239733836977561601
1239733846418972672
1239733846742007810
1239733856871288832
1239733860000301056
1239733863951110145
1239733878987915265
1239733883924611079
1239733889662431234
1239733895341453319
1239733896335384576
1239733897929183232
1239733905894322182
1239733906489909248
1239733912060006401
1239733915301982209
1239733919555006465
1239733920205287424
1239733923589926913
1239733926060527616
1239733927578759168
1239733933039915008
1239733933098463232
1239733944532140033
1239733944750428160
1239733944758808581
1239733944913928194
1239733947610718208
1239733949913534464
1239733957593366528
1239733976299737088
1239733993307684864
1239734008948215812
1239734010873614338
1239734011339190272
1239734021006872576
1239734029433389056
1239734031694077959
1239734052279791616
1239734055815405574
1239734056859942917
1239734067936907264
1239734071124615168
1239734090271789057
1239734091374899212
1239734104041480193
1239734107552149504
1239734110672654341
1239734111163396096
1239734111926988810
1239734114103812098
1239734119749292032
1239734141362384896
1239734147972644865
1239734158060068864
1239734170756059136
1239734181334323201
1239734189483835393
1239734203555762177
1239734212011282434
1239734237923811329
1239734254734585860
1239734255254532096
1239734263181950978
1239734266554007552
1239734291837435905
1239734296044281861
1239734298162475009
1239734298200203265
1239734300028723200
1239734315753201665
1239734345658773506
1239734348128980992
1239734365665611777
1239734369385959424
1239734374225965056
1239734386901372928
1239734396640346117
1239734399786196993
1239734404274180097
1239734406803337216
1239734426860490754
1239734426864480256
1239734434276028420
1239734443754934272
1239734455800983553
1239734467670847488
1239734472553172992
1239734472712560645
1239734483319795712
1239734492002242566
1239734492073472002
1239734494757892096
1239734495869370368
1239734506543706112
1239734508888510464
1239734518350659584
1239734525921501184
1239734526131175425
1239734529390231553
1239734538223288321
1239734539217485824
1239734543395012608
1239734544011493381
1239734549858435074
1239734558683062281
1239734570670534656
1239734582376828933
1239734586256564224
1239734617160155137
1239734617898283008
1239734625049534464
1239734625498304512
1239734627612463107
1239734628681945089
1239734661900677120
1239734672411594752
1239734691269349377
1239734704385003520
1239734706532274176
1239734707576885249
1239734708919025666
1239734711745822720
1239734718733537280
1239734730452582405
1239734772383047681
1239734807468199941
1239734834169339907
1239734837960998913
1239734839701626882
1239734846475218945
1239734852498255874
1239734871112679426
1239734884874293249
1239734884999901184
1239734896471482368
1239734900946681856
1239734901986885632
1239734902964105217
1239734915865821186
1239734916147032072
1239734920303575040
1239734933159063553
1239734933783851010
1239734939651674112
1239734956198252544
1239734965375565831
1239734969322389506
1239734988272254977
1239735012955750400
1239735024288595975
1239735027996467200
1239735030110474249
1239735030265581575
1239735082329337856
1239735084455841792
1239735096187355136
1239735096615239682
1239735106581024769
1239735109902729216
1239735154417053698
1239735172188327937
1239735183902793728
1239735191930880000
1239735201762140161
1239735204081778691
1239735204799041537
1239735204836790272
1239735214135554048
1239735216312377345
1239735223975325701
1239735224562593794
1239735239469142016
1239735240274268161
1239735240442220544
1239735256040845312
1239735261828874240
1239735262982234112
1239735264894791680
1239735265049980935
1239735268711653376
1239735273203929088
1239735279684026369
1239735279952564224
1239735295165239296
1239735297023213568
1239735318477070337
1239735321492770816
1239735330657333249
1239735330904977408
1239735339696009217
1239735346876821504
1239735360407699461
1239735367521259523
1239735387645345793
1239735412345757702
1239735417685118985
1239735420327530503
1239735436572012551
1239735440913170432
1239735459401605120
1239735459875401729
1239735468754964481
1239735472932499458
1239735478208864256
1239735482151358464
1239735495359434753
1239735504393797632
1239735505476034561
1239735511373225988
1239735520164548609
1239735526854361093
1239735526938288129
1239735528314089472
1239735532457988103
1239735546101915650
1239735547737681920
1239735559540617216
1239735574170402816
1239735575172669440
1239735579463409665
1239735592067297286
1239735608932777984
1239735625470877696
1239735626221727745
1239735636845678594
1239735650657722371
1239735669104062470
1239735670647615488
1239735671696297984
1239735683851288581
1239735690469900288
1239735697059258369
1239735700938838018
1239735701824057345
1239735706462949376
1239735717326192642
1239735721163882496
1239735722480775168
1239735722619228161
1239735728218599424
1239735729476927488
1239735731943161856
1239735764495335424
1239735764922937344
1239735784695005184
1239735805465280513
1239735811219881988
1239735816349454338
1239735834410090502
1239735839493623809
1239735859550646273
1239735867767492608
1239735872704086020
1239735880824377344
1239735886528557056
1239735907231494146
1239735909798621186
1239735945861246976
1239735953335504898
1239735953507233794
1239735989683122178
1239735999783211009
1239736003633524736
1239736008415096833
1239736012768595969
1239736016321286144
1239736020763127809
1239736047954788354
1239736050777501696
1239736051343687681
1239736055235923968
1239736058214002688
1239736060311199746
1239736070012633090
1239736072936083456
1239736082599739395
1239736100714950656
1239736129995194368
1239736137666756613
1239736137905836033
1239736138170085376
1239736148014116865
1239736149179953152
1239736150673084416
1239736152200011776
1239736152434900992
1239736158143340546
1239736159649095681
1239736186182254593
1239736189126574080
1239736194180812802
1239736196500262915
1239736206604161025
1239736207367499777
1239736225772130304
1239736230474022912
1239736251957284864
1239736256566878208
1239736270730997760
1239736278477934592
1239736288502321153
1239736305086394369
1239736305887653894
1239736306424598528
1239736319942819842
1239736320668418048
1239736324623437825
1239736328666796032
1239736351630729217
1239736362548559873
1239736364448579585
1239736386389004288
1239736390318878720
1239736394387513344
1239736399307341830
1239736407997833217
1239736422174777346
1239736432652156928
1239736457545371650
1239736471654764544
1239736481696165896
1239736483566833665
1239736491292721153
1239736498032791552
1239736501665247234
1239736504450048000
1239736511899328517
1239736512951898112
1239736515464396801
1239736515615481856
1239736529964146689
1239736533835558912
1239736553942978560
1239736556983853057
1239736575552094209
1239736593415462913
1239736594531139591
1239736596905197568
1239736602198446081
1239736639091625985
1239736664811081728
1239736685132316672
1239736686654849031
1239736699443466240
1239736724835704837
1239736742518784000
1239736744796467200
1239736747023568900
1239736752677552129
1239736756016160768
1239736771702697984
1239736776752857090
1239736795245375489
1239736796394684419
1239736799259435008
1239736802799468544
1239736809590054913
1239736811238367232
1239736811385167872
1239736824811175937
1239736827772313600
1239736848806707203
1239736851772080129
1239736855643459585
1239736871896440833
1239736894495154176
1239736897045331969
1239736898031161348
1239736901264904192
1239736903823482880
1239736931799400448
1239736954780090368
1239736964590559232
1239736971288645632
1239736977009803270
1239736978486308864
1239736979362844672
1239736986853765121
1239737008395882497
1239737013021978624
1239737024581521408
1239737024870936577
1239737026129195008
1239737027723251712
1239737029086212096
1239737033251315712
1239737043418107904
1239737073583763457
1239737086724497414
1239737089589198854
1239737103484768256
1239737105259036672
1239737114465423361
1239737128155860992
1239737135579660289
1239737138943418369
1239737143582490625
1239737164692426757
1239737169750581249
1239737174645489665
1239737205968580611
1239737222120824843
1239737234913255424
1239737242920378368
1239737243427917826
1239737246133043200
1239737266223841282
1239737271701692417
1239737275107422209
1239737284057911296
1239737293193306112
1239737296825417728
1239737300260716545
1239737319063781376
1239737343747051520
1239737345202479104
1239737346536292352
1239737348419735554
1239737365670879232
1239737373539237889
1239737381571321856
1239737394779377665
1239737403948044288
1239737422348300289
1239737427662700544
1239737445308141568
1239737451830280195
1239737453738631170
1239737476828344321
1239737478392643584
1239737478728290306
1239737482041872385
1239737482138120193
1239737491961401344
1239737510072213504
1239737526300086273
1239737545442746368
1239737546705272836
1239737561204936704
1239737565831286784
1239737566196387841
1239737567395885059
1239737573825818624
1239737574593200129
1239737593937293312
1239737610165202945
1239737612795076609
1239737620760072203
1239737630423744513
1239737631673479168
1239737658936561667
1239737667241119744
1239737674426089480
1239737683368271874
1239737683758452737
1239737687709331457
1239737702070849538
1239737702691594242
1239737706915098625
1239737712917336064
1239737713349312512
1239737714414481409
1239737724619366401
1239737728713011200
1239737744382820353
1239737747079823360
1239737752062697478
1239737767153803270
1239737768030416896
1239737787865346050
1239737788041441280
1239737792013283328
1239737792126648320
1239737793653493760
1239737815484645376
1239737818865373185
1239737830210863104
1239737830911311874
1239737838653988864
1239737846149382149
1239737849903226882
1239737854395367424
1239737854437163009
1239737862519750657
1239737864851582977
1239737872804167680
1239737874087645184
1239737876809564162
1239737879028523009
1239737898892587014
1239737901170282497
1239737902684348416
1239737913895571456
1239737914533306368
1239737924998103043
1239737929989271559
1239737942073016324
1239737946107981825
1239737956547452929
1239737963849764864
1239737968102977537
1239737976562814977
1239737984183873537
1239737984510906370
1239737985047937026
1239737994510131201
1239738002152345600
1239738002336776194
1239738003527839744
1239738010863693825
1239738024281305088
1239738026412191744
1239738027221516288
1239738040639033344
1239738046838272001
1239738053763063808
1239738057777184768
1239738059702308864
1239738073312886785
1239738073384009729
1239738077251280897
1239738090966532096
1239738095341154305
1239738099384684544
1239738106149920774
1239738122297946114
1239738133496954882
1239738138689486848
1239738143043194880
1239738151167561729
1239738151691747328
1239738152979398656
1239738181072764930
1239738190468124673
1239738198663757834
1239738199599190020
1239738208033935361
1239738216514650112
1239738224525762560
1239738233002561538
1239738257279086593
1239738262706475008
1239738263079968768
1239738263734190082
1239738286605611009
1239738293677424643
1239738295765983233
1239738301378068482
1239738311024898048
1239738311222218754
1239738313357000709
1239738353718898688
1239738357032370177
1239738364426743808
1239738366603563008
1239738370806427649
1239738370865192962
1239738378179899393
1239738379790700549
1239738381409628163
1239738386526732295
1239738386543513602
1239738395380682753
1239738400543895552
1239738401651216388
1239738402691416064
1239738405203968000
1239738409435922432
1239738412162093062
1239738416884928512
1239738419032489985
1239738428259852289
1239738436166266886
1239738457125199873
1239738470224060417
1239738474573398016
1239738492256649219
1239738515941781506
1239738528529088516
1239738528780574720
1239738561013792776
1239738566407839744
1239738575731732480
1239738602180968454
1239738609424449541
1239738609596538881
1239738615250509825
1239738626138767367
1239738634594484224
1239738642169397249
1239738663275302912
1239738666605412352
1239738666987094016
1239738667679338498
1239738668597882887
1239738671244488704
1239738676898197505
1239738680593592324
1239738681511968774
1239738692987752449
1239738701720281089
1239738722373025797
1239738727435468800
1239738729406873605
1239738729981521920
1239738731138973696
1239738732476940289
1239738734955782144
1239738744556736520
1239738746351878146
1239738749862514693
1239738752232239104
1239738764294934535
1239738765142155267
1239738766895407104
1239738770682859520
1239738772104695808
1239738794565406721
1239738802727456768
1239738805227261953
1239738833228328965
1239738841205895168
1239738843869429760
1239738860499808256
1239738863351808000
1239738877364985857
1239738886592610308
1239738891479003143
1239738899959873536
1239738901549342720
1239738908361003008
1239738927570976769
1239738940979949568
1239738942393470976
1239738954213208064
1239738962878455809
1239738966166904832
1239738977948704772
1239738985682894848
1239738985766780928
1239738994088271872
1239738997380919301
1239739011033415682
1239739017861771264
1239739021099560960
1239739022240550912
1239739022496239616
1239739036106928129
1239739079031500806
1239739098207629312
1239739099969245184
1239739106940289024
1239739121452662786
1239739122484252672
1239739129870483456
1239739133972623361
1239739136094896129
1239739146349969409
1239739147620884481
1239739175940702208
1239739186011181057
1239739204810059777
1239739216679976963
1239739236376621058
1239739238540861441
1239739240197623811
1239739243544621056
1239739252407242762
1239739294450888704
1239739295050727424
1239739298246606848
1239739300306194433
1239739301425893376
1239739303514836992
1239739304298950658
1239739304773025797
1239739307545579526
1239739310779162624
1239739316613636096
1239739323781529601
1239739326428319746
1239739342064664577
1239739343549288448
1239739343717031936
1239739358493708288
1239739367955951616
1239739370451722241
1239739392735858690
1239739396728946688
1239739409173549056
1239739415158718464
1239739417893507073
1239739452362231808
1239739453100285953
1239739462483152904
1239739476605362177
1239739481105858561
1239739492191199232
1239739536508194816
1239739542984437760
1239739547979788288
1239739550198427648
1239739552035753985
1239739553612730369
1239739561216860161
1239739586651099137
1239739614618882053
1239739620213981184
1239739636781666304
1239739648223727622
1239739659770626053
1239739666171080705
1239739676182720512
1239739681408839680
1239739681492717568
1239739682612805639
1239739684164698113
1239739702749442049
1239739720252317698
1239739755622883328
1239739765768978434
1239739779178209280
1239739781204058113
1239739794365825026
1239739796123246592
1239739797696118789
1239739800422240257
1239739803513630720
1239739803991711746
1239739806101340160
1239739806361571331
1239739812141293568
1239739830801584129
1239739833158758400
1239739849474637824
1239739865803001856
1239739868630200322
1239739870102179840
1239739883855503360
1239739889341603846
1239739919259570178
1239739946266574848
1239739954474844160
1239739972879560705
1239739973147987968
1239739974804619265
1239739996740784129
1239740006392107008
1239740007734112256
1239740015934156800
1239740030911946752
1239740040319660033
1239740040479195138
1239740044136648706
1239740045960986624
1239740046770679808
1239740059546517504
1239740066009772032
1239740073119297536
1239740077334581251
1239740100403052544
1239740102227537920
1239740103259566081
1239740104236826626
1239740114693128194
1239740117524283392
1239740124448952322
1239740140341186561
1239740150764023810
1239740151187685377
1239740153628889090
1239740188307238913
1239740207014043656
1239740209715130369
1239740241373773825
1239740253767942145
1239740259358912512
1239740261309317126
1239740263385333760
1239740267130994688
1239740269358198784
1239740274718449664
1239740274949177345
1239740277222305793
1239740280896663553
1239740289025216512
1239740290161717248
1239740301394300928
1239740304246411264
1239740310302777344
1239740315151429637
1239740324408225792
1239740333560221697
1239740336051818496
1239740348596768769
1239740350794739713
1239740361523814400
1239740363885047808
1239740364354752514
1239740370176692227
1239740392599412737
1239740394428137474
1239740403173261314
1239740406767792129
1239740407346413568
1239740409166823424
1239740411964321792
1239740428825624577
1239740440179396612
1239740445573484545
1239740452527656961
1239740458022166528
1239740475906670593
1239740488288284672
1239740492369321985
1239740515727409152
1239740519565033472
1239740560124100610
1239740571624902657
1239740573415870465
1239740598690725890
1239740608341835777
1239740609851768834
1239740618873675776
1239740620039692289
1239740630768726016
1239740632001847296
1239740636212998145
1239740639237099525
1239740641762050048
1239740665543585792
1239740666181120005
1239740667724627968
1239740668924305408
1239740670991937537
1239740673701498880
1239740701090480130
1239740705553223682
1239740708975591424
1239740717641207809
1239740739308752896
1239740739422019584
1239740739942318081
1239740740067946496
1239740748062511106
1239740752441286658
1239740755951812611
1239740758858620931
1239740760452468736
1239740767700168704
1239740769264599045
1239740772447969280
1239740773613973504
1239740787924979714
1239740788013256704
1239740791863554050
1239740798322855936
1239740799182688258
1239740800751329280
1239740800898150400
1239740805742563328
1239740831726276608
1239740833701732354
1239740860813791232
1239740863355457537
1239740871043616768
1239740882460348419
1239740898667139072
1239740903675375616
1239740908784017408
1239740912034410496
1239740948332138497
1239740951150637058
1239740952387833856
1239740977041965056
1239740977318891523
1239740981995585538
1239740991181074432
1239741002929315840
1239741007547314176
1239741032511819777
1239741041411895296
1239741049762873344
1239741052581556230
1239741056633024512
1239741058008993792
1239741062035509249
1239741070344204288
1239741080855330821
1239741094340038657
1239741103714103297
1239741117140209665
1239741148576415744
1239741150778589185
1239741151957209091
1239741167102652417
1239741170110128129
1239741191165341696
1239741196425191425
1239741205849812993
1239741208898895872
1239741209460998149
1239741211377795072
1239741214959841282
1239741215240859648
1239741224052899848
1239741228704567297
1239741236321251328
1239741238280163328
1239741240964460545
1239741241568325632
1239741248057081856
1239741254839099393
1239741284438478848
1239741284996136961
1239741299940622338
1239741302062759938
1239741306219479040
1239741339836862464
1239741344328777728
1239741347633836032
1239741369666744322
1239741374544711680
1239741388188725264
1239741392831700992
1239741394077413376
1239741395671212037
1239741396661100544
1239741408434688008
1239741424482091010
1239741435110240256
1239741435827507201
1239741436955746309
1239741437014683655
1239741442920071173
1239741445948329984
1239741451715706880
1239741486490476544
1239741507055128576
1239741519277494273
1239741523488575489
1239741532581670912
1239741555591823360
1239741555855912961
1239741563707809793
1239741566857576450
1239741576059990019
1239741579818139653
1239741582271807488
1239741591239131137
1239741613439680512
1239741614571966466
1239741620561629186
1239741623627583490
1239741628702547968
1239741631538049024
1239741633471578114
1239741640811646976
1239741642023645185
1239741644234043393
1239741654313111552
1239741659522326528
1239741676941262853
1239741684533153794
1239741693131476993
1239741693974450178
1239741702870458368
1239741705194110977
1239741705584365578
1239741718637010945
1239741721954656259
1239741728342638592
1239741730569596939
1239741737251176448
1239741738840756224
1239741739511853057
1239741740195762176
1239741741172957186
1239741746205954049
1239741747443437571
1239741751096639490
1239741751625011200
1239741756255563777
1239741757643841536
1239741759216709633
1239741766175035392
1239741772852535296
1239741774458912771
1239741784088915973
1239741790573318144
1239741791458529281
1239741792641302528
1239741793005998081
1239741798345392129
1239741800996356096
1239741801751175168
1239741802997047296
1239741807296045057
1239741816414408704
1239741818826260480
1239741852883881985
1239741881589936129
1239741884932608001
1239741886455140354
1239741894051221505
1239741906885709824
1239741908697505792
1239741911461769218
1239741911990140929
1239741919216967680
1239741920290566145
1239741924497485825
1239741930302394370
1239741962900713474
1239741984744640512
1239741998799544320
1239742004218810368
1239742010036293634
1239742015274749952
1239742015304347648
1239742019058237441
1239742019276177409
1239742025651687424
1239742028897976321
1239742029535612928
1239742046807756806
1239742055594647553
1239742056635027456
1239742067015684097
1239742070979321856
1239742079795744770
1239742085600817152
1239742088754991104
1239742089216380929
1239742097802047489
1239742110741467137
1239742111005564928
1239742119419363328
1239742122950942725
1239742124297531395
1239742140369915904
1239742141376745479
1239742148246978560
1239742153456324608
1239742154152566785
1239742156723625986
1239742161626644480
1239742162046267392
1239742173089677313
1239742178861002753
1239742183596527616
1239742213048766466
1239742220661653504
1239742225480851456
1239742238369779713
1239742249354907650
1239742252722745345
1239742260981297152
1239742270124871680
1239742275581706240
1239742287095255042
1239742294309273600
1239742295840186370
1239742311883509763
1239742327893020673
1239742332817342470
1239742345807003652
1239742360868868098
1239742378895761408
1239742382133870593
1239742407299616768
1239742413184421889
1239742413998108673
1239742415424172033
1239742421665226753
1239742421795246082
1239742427545493504
1239742434751311875
1239742452010864641
1239742456415031296
1239742461137678336
1239742467202781185
1239742491462520832
1239742493698244608
1239742497955303425
1239742499075190784
1239742500069355522
1239742500429914114
1239742503416291328
1239742508567011328
1239742514552279042
1239742521619763202
1239742525839151104
1239742553974616065
1239742555316576256
1239742555442622469
1239742556004438016
1239742557258735617
1239742567371223043
1239742596173398017
1239742603786059778
1239742609733513222
1239742611449143297
1239742615160893441
1239742619548344325
1239742629350240257
1239742634903490560
1239742641769717760
1239742642440810501
1239742657066344448
1239742662938259458
1239742665249271809
1239742668302778368
1239742677668655104
1239742679816298496
1239742681787412480
1239742711965630464
1239742718013657088
1239742720597463040
1239742761567281153
1239742777157718017
1239742788968648704
1239742789472174082
1239742789920804864
1239742790466252800
1239742792261394433
1239742813258072064
1239742813576691714
1239742815141105665
1239742822015569921
1239742826029727744
1239742831037566976
1239742832841129984
1239742834154053636
1239742837136203776
1239742837425668096
1239742839506046976
1239742852789424135
1239742855419031553
1239742884800126976
1239742889023819777
1239742913913016326
1239742915653652487
1239742917213712385
1239742920024117248
1239742924977553408
1239742944413810688
1239742944648691713
1239742948327034881
1239742969512673283
1239743008385327109
1239743010755280897
1239743029717729282
1239743038353801216
1239743046381699075
1239743061883793409
1239743071891238912
1239743092330090496
1239743095832526849
1239743105101737985
1239743110810423297
1239743112936689667
1239743116833415168
1239743135128801281
1239743139017035776
1239743143651745793
1239743148244398080
1239743154812837888
1239743162458836992
1239743169253847046
1239743194755141637
1239743196902588417
1239743200291467264
1239743204628606977
1239743228154281984
1239743232700866560
1239743235905347584
1239743245678190593
1239743248056250368
1239743251927707649
1239743255882973184
1239743266708307973
1239743272043544576
1239743272861552645
1239743275667345409
1239743280004251649
1239743290934726657
1239743306793275394
1239743312883482624
1239743315286859776
1239743338263109633
1239743349856309253
1239743352901447681
1239743353379414017
1239743355657097217
1239743358865735680
1239743440403017728
1239743448242143239
1239743454302912513
1239743455355637761
1239743462301478914
1239743468899049472
1239743470178316288
1239743493670666240
1239743502231240705
1239743513169805313
1239743514424074246
1239743548251164672
1239743553418326019
1239743557570887680
1239743563392593921
1239743566328614913
1239743573177683968
1239743576352964609
1239743578039037959
1239743581369372673
1239743610767187970
1239743617419247616
1239743624071577600
1239743630350245888
1239743631239655424
1239743634603298816
1239743637556060160
1239743639582134272
1239743640609509383
1239743646972481538
1239743648251731968
1239743654014697472
1239743657202323458
1239743673316900865
1239743676017868800
1239743676617756685
1239743689867460608
1239743690823745536
1239743691549532161
1239743692174495744
1239743700617637890
1239743707680608256
1239743708544806913
1239743721639424002
1239743723413610498
1239743724613238784
1239743727637164033
1239743735933440000
1239743760545632256
1239743763179692032
1239743782645571588
1239743787292864513
1239743787733266433
1239743790254034947
1239743790346354689
1239743793810665474
1239743801242996737
1239743804984283136
1239743805055578112
1239743809149419520
1239743810080395264
1239743825951760384
1239743835862896641
1239743856725417984
1239743867458592768
1239743871535517696
1239743872093151232
1239743884902707206
1239743887805222913
1239743888937664512
1239743889902166017
1239743911754698753
1239743911834181633
1239743913528709120
1239743913809678336
1239743919757410304
1239743920751378436
1239743922697535488
1239743925205839873
1239743929500590082
1239743934559109121
1239743939390746630
1239743939969568768
1239743942947553280
1239743944155631623
1239743946785312769
1239743955425587200
1239743958869135360
1239743981937819648
1239743986367168513
1239743990527909888
1239744003286810626
1239744007326117889
1239744022215831552
1239744066394488832
1239744072316674050
1239744090272600064
1239744096064823296
1239744101437689856
1239744108874219521
1239744114020642817
1239744120324870145
1239744138003832833
1239744143791800320
1239744144274145285
1239744147029966848
1239744150196666375
1239744150875987968
1239744155007549442
1239744157138087938
1239744161261277187
1239744162850717696
1239744167351406592
1239744167498170368
1239744167535759361
1239744172824748033
1239744186405945345
1239744205431373826
1239744210342776833
1239744211647213568
1239744219226337280
1239744245797437445
1239744251895918592
1239744252130627584
1239744253040799744
1239744258027827200
1239744275891367937
1239744283470524416
1239744283613310976
1239744301464240129
1239744305457246208
1239744311111094272
1239744326327918593
1239744329859493893
1239744332267237376
1239744332330151937
1239744334427119616
1239744341599535106
1239744344346763271
1239744352408092672
1239744353527926784
1239744354077433856
1239744369269198848
1239744370838056960
1239744377989279755
1239744386239471616
1239744408209068035
1239744411526991873
1239744439691538432
1239744450399617025
1239744455009320961
1239744457093898241
1239744460411400194
1239744495031287808
1239744517185703936
1239744517529653249
1239744523166769154
1239744523175157764
1239744523485446145
1239744528325672960
1239744531219845120
1239744539130134528
1239744547321794560
1239744559581626369
1239744568070819840
1239744571321380864
1239744572751831040
1239744574039314432
1239744583917015047
1239744590896193536
1239744605488328705
1239744607795253248
1239744608218701825
1239744625323245568
1239744626019442690
1239744626459803648
1239744628812849152
1239744630910058496
1239744633233645568
1239744641903267843
1239744651688415233
1239744680553639936
1239744685909741568
1239744689957371913
1239744709628575744
1239744710324809729
1239744733351677952
1239744741069262848
1239744747138240512
1239744753635168257
1239744763508621312
1239744772316762112
1239744772450865152
1239744776452349953
1239744777219756032
1239744786573094912
1239744797574746112
1239744800045191168
1239744808408809472
1239744816013025281
1239744818512707585
1239744823139028992
1239744846312747013
1239744850087628800
1239744876838715392
1239744885084655616
1239744896820482052
1239744899294982145
1239744913673158657
1239744973597179906
1239744978143694849
1239744982950588416
1239744995382394883
1239745000277237761
1239745009496272897
1239745015657701376
1239745016001490944
1239745021701545985
1239745038709596160
1239745040261484544
1239745042178244608
1239745061191024640
1239745064206610432
1239745069348945920
1239745070636687362
1239745074302418944
1239745077003587586
1239745085278953473
1239745089133367297
1239745096217776129
1239745098545422336
1239745104488923141
1239745111807926272
1239745116304216064
1239745119126876160
1239745126215237635
1239745128824107009
1239745131055546369
1239745131462504449
1239745132129169409
1239745142535467008
1239745148696825858
1239745152274427910
1239745154908446720
1239745167252287488
1239745169244774400
1239745185858441216
1239745188920053760
1239745195886940161
1239745198147678208
1239745201301786625
1239745212580106240
1239745213175906304
1239745215285432320
1239745221342216192
1239745229789392896
1239745230141882368
1239745244431712262
1239745245606064129
1239745260454019072
1239745260814831616
1239745264534999040
1239745274005856257
1239745285133238272
1239745305152598016
1239745315307208705
1239745316724920322
1239745318289379328
1239745336194850818
1239745356457533440
1239745380973240320
1239745382244061185
1239745389747556354
1239745390095761409
1239745395124830209
1239745396680921088
1239745403504996352
1239745405136633856
1239745436291915776
1239745459553517568
1239745466985668608
1239745469326204929
1239745470999613440
1239745473231097859
1239745477912002560
1239745483779624960
1239745484727758849
1239745485197410305
1239745485843230721
1239745493774872576
1239745499332132866
1239745500280008704
1239745503283171329
1239745517707333632
1239745522287521793
1239745524770709504
1239745547264819201
1239745548296617984
1239745565602263042
1239745584732372992
1239745595494948865
1239745609294401540
1239745616411938822
1239745622258798592
1239745635152064513
1239745640550236160
1239745641078808576
1239745642106212352
1239745645004468230
1239745665015713794
1239745668316422145
1239745673362321408
1239745689535557633
1239745701673701378
1239745712335867911
1239745727883927552
1239745732745351174
1239745736729718785
1239745738629885957
1239745758439473152
1239745763413856256
1239745768401113088
1239745770829623297
1239745785610276864
1239745790161178624
1239745794753695744
1239745796838313984
1239745804040114178
1239745807445708805
1239745828220071936
1239745835493187584
1239745839439974400
1239745850613460992
1239745851456491521
1239745877897551873
1239745879525019654
1239745881340956672
1239745883505385477
1239745889175912448
1239745903520395264
1239745903600205824
1239745907916242953
1239745909618929664
1239745928325746688
1239745931836305408
1239745931865518080
1239745951536787456
1239745954216996866
1239745976018948097
1239745980603469824
1239745993106771968
1239746000694079488
1239746006331375616
1239746023813152768
1239746030960357377
1239746036182192131
1239746041592909824
1239746046869331971
1239746060878217217
1239746063222874112
1239746063369515009
1239746071640903685
1239746072785776642
1239746082487361541
1239746084664213504
1239746089130971141
1239746102703935489
1239746117484470275
1239746120403701761
1239746146257358854
1239746159196897280
1239746165505228801
1239746172706861057
1239746193992769536
1239746221603835904
1239746222564487169
1239746223319457792
1239746224112222209
1239746227664609280
1239746245532377089
1239746246216224768
1239746257058320385
1239746263353978885
1239746267988672514
1239746277258203136
1239746305171140609
1239746307184615425
1239746307649966081
1239746307809476609
1239746308509962240
1239746313333473280
1239746317292916736
1239746321730416640
1239746322711937030
1239746331511525376
1239746335370293249
1239746335861084160
1239746347005288455
1239746358694653953
1239746363375550466
1239746376465920000
1239746377275641860
1239746378055782400
1239746396409954304
1239746409873604615
1239746411614203904
1239746414231482368
1239746418027315200
1239746423245201408
1239746423807246341
1239746453150392320
1239746459114881025
1239746478165200898
1239746479687860224
1239746485966655488
1239746495949111297
1239746496385474561
1239746502999674881
1239746514286604288
1239746515037564928
1239746516291661830
1239746548302524416
1239746556137361413
1239746560306577409
1239746569051631627
1239746569274118148
1239746573602394112
1239746578723700736
1239746588047593473
1239746595488436225
1239746595622719489
1239746614526455808
1239746618498269184
1239746620436013057
1239746626312441857
1239746643538280449
1239746647002730497
1239746650761048066
1239746654678536193
1239746656079425536
1239746662655856641
1239746662836211713
1239746667676610560
1239746673099882497
1239746677814120448
1239746690980048897
1239746702497574912
1239746707270725632
1239746709804048384
1239746712006164480
1239746715961319427
1239746718217969664
1239746730255515648
1239746730503147520
1239746741412528129
1239746742876323840
1239746745237716993
1239746756465717252
1239746761612308480
1239746775147257859
1239746775935827968
1239746777470754817
1239746778670477313
1239746779232514049
1239746788556337158
1239746789542113287
1239746818398806017
1239746818524790784
1239746819338514433
1239746823646064640
1239746828079230976
1239746830038163462
1239746836774244357
1239746853115015169
1239746855862284288
1239746868722237440
1239746915568402432
1239746920509247489
1239746923667443712
1239746924783104001
1239746932773281792
1239746942403477504
1239746943405809667
1239746944316162055
1239746946413350919
1239746955548344322
1239746960799731713
1239746962779406337
1239746970085883905
1239746972019388419
1239746972409569280
1239746983692124160
1239746984086388741
1239746992689098753
1239746997529255936
1239747000402239488
1239747016441450497
1239747018618277889
1239747020908183553
1239747026319015938
1239747044039782400
1239747054374498306
1239747056131964928
1239747058833096704
1239747075337789445
1239747103410098176
1239747104517414912
1239747109227614210
1239747120174940162
1239747132103548928
1239747136545329156
1239747141385342976
1239747145915195393
1239747161191059458
1239747171571941378
1239747174402912256
1239747193478791168
1239747197752639488
1239747203083595776
1239747203415126017
1239747203452657664
1239747219319746561
1239747224243802114
1239747228421353472
1239747230959112192
1239747232192028672
1239747240081666048
1239747241293877253
1239747261434920960
1239747263150333952
1239747271232806917
1239747280049180672
1239747284943941638
1239747299515027456
1239747310189449216
1239747313142128640
1239747357731950594
1239747386173345792
1239747388182536193
1239747390044700673
1239747393882664960
1239747399800647680
1239747399888838656
1239747420386291713
1239747429207101440
1239747431035797505
1239747438816243714
1239747443601932290
1239747451566735361
1239747451889696768
1239747471837970433
1239747489743294470
1239747493656547329
1239747494059237378
1239747496005578752
1239747497146355714
1239747501256617986
1239747513676169219
1239747519409610752
1239747524342304769
1239747524484902912
1239747562690625536
1239747581430894592
1239747600301076481
1239747602335358976
1239747611998818307
1239747622774149120
1239747650423083010
1239747666063396864
1239747677119709184
1239747712901398528
1239747715933696000
1239747723395506178
1239747734212448256
1239747782040260609
1239747782950428673
1239747786628722688
1239747821043056641
1239747857617387520
1239747861593632769
1239747867700539394
1239747868832878592
1239747878958104581
1239747884506963969
1239747889280225281
1239747892841050112
1239747893633810433
1239747894363582466
1239747894489550863
1239747895726727168
1239747903645769728
1239747910667042818
1239747923723915269
1239747924197810177
1239747926462623744
1239747948474400769
1239747951284629505
1239747969156386816
1239748003180707840
1239748004636131333
1239748008725458944
1239748016724226048
1239748020595339264
1239748035346825217
1239748043555115008
1239748047749255169
1239748052874694656
1239748082889379840
1239748085577744384
1239748100236943360
1239748107224723461
1239748131333472257
1239748132587610113
1239748137440415746
1239748143001923585
1239748216515518464
1239748219669811201
1239748233049473026
1239748235608154112
1239748235851370496
1239748257804214272
1239748258156568576
1239748258882256897
1239748267975544834
1239748285444702210