1239763388999380994
1239763389183909895
1239763389259239429
1239763389863342082
1239763395244470273
1239763398318907392
1239763421400358912
1239763427230244866
1239763443005173760
1239763449170853890
1239763454182838274
1239763454275223553
1239763465188892672
1239763477213962240
1239763486801977345
1239763496796958720
1239763499292561408
1239763505865244672
1239763506661969920
1239763507723329536
1239763520394276864
1239763521979596800
1239763526668808197
1239763527918710784
1239763533824319489
1239763546499698689
1239763569354383361
1239763580406444033
1239763583661211648
1239763587935211520
1239763605773414400
1239763607610691587
1239763617035300865
1239763640452079617
1239763640473079808
1239763642037481472
1239763648123244544
1239763651856191489
1239763652913385472
1239763654964203520
1239763656545624064
1239763658621644800
1239763660098109441
1239763660924280832
1239763669015289856
1239763675361071108
1239763677408038913
1239763678288842754
1239763710605807617
1239763714871422976
1239763718050701312
1239763720995090433
1239763727764815874
1239763730805608448
1239763734655938561
1239763759805104129
1239763786552279041
1239763787734896640
1239763791287468032
1239763801706242049
1239763803463733248
1239763823718019072
1239763836946825221
1239763848137248768
1239763850066628608
1239763851861807104
1239763853988290562
1239763864134303747
1239763885781135360
1239763892638793728
1239763925379371013
1239763932052484096
1239763956908113920
1239763966844231680
1239763972133474305
1239763989451530240
1239763990118449162
1239764007365431296
1239764008716185601
1239764023689777152
1239764030862082053
1239764033676304384
1239764035807019011
1239764039204552705
1239764046074658816
1239764056539529216
1239764066542817281
1239764070745518080
1239764071773282305
1239764086977634305
1239764105902182401
1239764107353620480
1239764108137967616
1239764109467451392
1239764117218422785
1239764125787377667
1239764142694809600
1239764143839891456
1239764146456915968
1239764156707815424
1239764157597188096
1239764160692576257
1239764174982414336
1239764178522353664
1239764178677780486
1239764181198368768
1239764195199135744
1239764199305289729
1239764200349560834
1239764209195290624
1239764220033421313
1239764223346892800
1239764225301434370
1239764240807768065
1239764246851772416
1239764250287104000
1239764261309575169
1239764267139624962
1239764268075102209
1239764273708048384
1239764279135535105
1239764279647064065
1239764284298506241
1239764286647545856
1239764293916082176
1239764303944785924
1239764321829150722
1239764324765306881
1239764332868546560
1239764340456091653
1239764344847478785
1239764353051766784
1239764359385145344
1239764361041702912
1239764365189902336
1239764374522187783
1239764379777880065
1239764395552432130
1239764418533027841
1239764427609534466
1239764451051659264
1239764451814969344
1239764468319563779
1239764469141712897
1239764474422165505
1239764487294631936
1239764493552332801
1239764494886137856
1239764534602039296
1239764537110388737
1239764537219387392
1239764537563381760
1239764538444021766
1239764554101506048
1239764569351843841
1239764596694700033
1239764597394903042
1239764600507244544
1239764624981049346
1239764625274499074
1239764628164485120
1239764649479897088
1239764674931052545
1239764677384642565
1239764677904797696
1239764678894661632
1239764678969921536
1239764687870443525
1239764688067584000
1239764693935259648
1239764710427426816
1239764711723405318
1239764739791572993
1239764748406788096
1239764767062937600
1239764777011941377
1239764782581858306
1239764789007716352
1239764794334416897
1239764805042479105
1239764807936626689
1239764807965970432
1239764821370863617
1239764833811099648
1239764837535584256
1239764839138054144
1239764850965913606
1239764874177187840
1239764883522101255
1239764903227011073
1239764904367685633
1239764910420221954
1239764912303493120
1239764926027067392
1239764934352756742
1239764949393641473
1239764963733929984
1239764968465203201
1239764980758708224
1239764983669538816
1239764989277130753
1239764998630428673
1239765003269521409
1239765005622546432
1239765007149092864
1239765027336392704
1239765029739589633
1239765037566373888
1239765039382515713
1239765045032046593
1239765065655451650
1239765066687238145
1239765067480150016
1239765077709987840
1239765078360145921
1239765081736478720
1239765107133071360
1239765118805671936
1239765130465984512
1239765144743239680
1239765144994869254
1239765152213458946
1239765157401841668
1239765162191499264
1239765165593092098
1239765184031469570
1239765188485607425
1239765230873280512
1239765231154405377
1239765233347903489
1239765246098751491
1239765257784111105
1239765276150898691
1239765280684793856
1239765283146878977
1239765289643827202
1239765291225227264
1239765305020178434
1239765309692637185
1239765311865393153
1239765334275440647
1239765347063992320
1239765352269205504
1239765357059092480
1239765363228692484
1239765397462601728
1239765418811645953
1239765421063950336
1239765429737984002
1239765431705051138
1239765434188136448
1239765440454254593
1239765440492007424
1239765456841564160
1239765484461056000
1239765487828885506
1239765504983592961
1239765508087480320
1239765535384129537
1239765565180219392
1239765584109330434
1239765587783450625
1239765597648347136
1239765599057838080
1239765614442549248
1239765629059526657
1239765638857609218
1239765640627527681
1239765655030607872
1239765659417886721
1239765669324804096
1239765671963058177
1239765673636556801
1239765673703849984
1239765684005023745
1239765688266326020
1239765693106515968
1239765693953949696
1239765715986583552
1239765728301023232
1239765732088479744
1239765734131146752
1239765735586619392
1239765737113300993
1239765741928419328
1239765745262899201
1239765790154534912
1239765793513979904
1239765803366518784
1239765807896264704
1239765821846683650
1239765823410941952
1239765852854968320
1239765852938997761
1239765864355749889
1239765870815084547
1239765882043236352
1239765883544899584
1239765887374069760
1239765898870894592
1239765916457500672
1239765918420516866
1239765918579740674
1239765920551063552
1239765923155914753
1239765924007346176
1239765924070260741
1239765926796562434
1239765934535041024
1239765937185869826
1239765950846492673
1239765952272551936
1239765955271634945
1239765956840189952
1239765959717470208
1239765972501680128
1239765980227616770
1239766026864054273
1239766046635995136
1239766055033192454
1239766061962182656
1239766063107080192
1239766066886131713
1239766070073974785
1239766082094862342
1239766082895872003
1239766090718175233
1239766093151055872
1239766113413521408
1239766118144892930
1239766121051344896
1239766131528761344
1239766136222126080
1239766137098907648
1239766137581096960
1239766141641375745
1239766155604062208
1239766164353548289
1239766166567936001
1239766177921941504
1239766180681764864
1239766182573625345
1239766200328040449
1239766206430826496
1239766216027148288
1239766223702724608
1239766224655040512
1239766239448150017
1239766249107853312
1239766252668751878
1239766266241601536
1239766267491422213
1239766268804091905
1239766281601060864
1239766292208316417
1239766295735709697
1239766301490515970
1239766313578323968
1239766320100474880
1239766322986143744
1239766323871260673
1239766330640699392
1239766339079766017
1239766352342052864
1239766362899116032
1239766373535870978
1239766397485338625
1239766427193749504
1239766428586303489
1239766446059573249
1239766449960284165
1239766453173112832
1239766459934552069
1239766462321102850
1239766464720076800
1239766483170811904
1239766484781395971
1239766497716658177
1239766500237443074
1239766503521759232
1239766506604388353
1239766517014654978
1239766518830968837
1239766524770033665
1239766538413957122
1239766546219581441
1239766567367270400
1239766585038028800
1239766586829004800
1239766590079537157
1239766590725320708
1239766618730725377
1239766639949774849
1239766657402384384
1239766672640290817
1239766692483530754
1239766706748379136
1239766734841827328
1239766744606158848
1239766744840863744
1239766765782962176
1239766766601076736
1239766772334637057
1239766773077065728
1239766776226836480
1239766795659051010
1239766828433453056
1239766842370953216
1239766893969281024
1239766893998641153
1239766897807298566
1239766907537874944
1239766911379890176
1239766923425902593
1239766924533190657
1239766939213258753
1239766940366917633
1239766941746806784
1239766945391497217
1239767010915037185
1239767025347522561
1239767041982291968
1239767054829277184
1239767056582619139
1239767061745655809
1239767062462918656
1239767067714154496
1239767079735222275
1239767082276777985
1239767095274901504
1239767100476055553
1239767105769267201
1239767119706746880
1239767124647661569
1239767130356068353
1239767153282187265
1239767158218829825
1239767158386593792
1239767163537362944
1239767175650410496
1239767176061562880
1239767178657890304
1239767180943798277
1239767184584232960
1239767184857063430
1239767185133715456
1239767202485555201
1239767215227863040
1239767217731817472
1239767222198898688
1239767236082106370
1239767236388302848
1239767245594611712
1239767262560575488
1239767267673505794
1239767287923527682
1239767289664352256
1239767302754746368
1239767305669705728
1239767317480976386
1239767328788791296
1239767358295572483
1239767384937893888
1239767386334650368
1239767406387453954
1239767412364410880
1239767442118733827
1239767451694440449
1239767454827474946
1239767468458921987
1239767475404681216
1239767483348901888
1239767495961120768
1239767514562744321
1239767516425023489
1239767526512267265
1239767526818668545
1239767528999735299
1239767529221804038
1239767531897798656
1239767531960717312
1239767536239104000
1239767538042433536
1239767560398069762
1239767575224922113
1239767575841701888
1239767578198732801
1239767578907566082
1239767587522842624
1239767602135617536
1239767623795183617
1239767654065483779
1239767666249871361
1239767667860520960
1239767672532893696
1239767679248011264
1239767679801540608
1239767691889717249
1239767709430120449
1239767716564807681
1239767717600731137
1239767732444221441
1239767774647345152
1239767781966413824
1239767786022469633
1239767789168189440
1239767802178940930
1239767811771244544
1239767811855024129
1239767815692771328
1239767824937213953
1239767828183388161
1239767853860974593
1239767861653991424
1239767862027452416
1239767890825543681
1239767899532931074
1239767900455456768
1239767905505550338
1239767913474789381
1239767925172490240
1239767934517555200
1239767937327620096
1239767947528343553
1239767969678290950
1239767969980239872
1239767971867885568
1239767971876278272
1239767983385276416
1239768000997330944
1239768005581533185
1239768008202964992
1239768014297260032
1239768018017644544
1239768019540168704
1239768022983700480
1239768040113348608
1239768052041781249
1239768066831065088
1239768071943970816
1239768076717043713
1239768077358608386
1239768081838116864
1239768084811935745
1239768112762769408
1239768115367510016
1239768120019038214
1239768120748920833
1239768128273264640
1239768151853694976
1239768152004874241
1239768161781596160
1239768170124079104
1239768198129451009
1239768210200596481
1239768218375303168
1239768220082434048
1239768229418905601
1239768241800503303
1239768258531790849
1239768261970915329
1239768271500566528
1239768272989499394
1239768280971304960
1239768283978567680
1239768285392056320
1239768287723962368
1239768294044749825
1239768303901392896
1239768305516322816
1239768320548769794
1239768332242477056
1239768345907355648
1239768348650504192
1239768370909757440
1239768381261111297
1239768386134896645
1239768390622994432
1239768395186237446
1239768406510972929
1239768409883045888
1239768433568272384
1239768438366666753
1239768441088659456
1239768451926933506
1239768453449277440
1239768458092359680
1239768464316698625
1239768491038855168
1239768491957219329
1239768492515020800
1239768496604475392
1239768504674344960
1239768505194512384
1239768524568104960
1239768535208873984
1239768545770209281
1239768560550871040
1239768572961779712
1239768573364453376
1239768592721350656
1239768605606084613
1239768609540304896
1239768611058843649
1239768615739478016
1239768616490369024
1239768638980227072
1239768651290607618
1239768655648509953
1239768658383077376
1239768677349642240
1239768682869424134
1239768708349931520
1239768739916046338
1239768749479063552
1239768749655224321
1239768749776834560
1239768757624545280
1239768759419600896
1239768776167624705
1239768792495988736
1239768800117043200
1239768817745657858
1239768828860682245
1239768840612937730
1239768841770504192
1239768869176250368
1239768893498900480
1239768910951591936
1239768935198842880
1239768940680798208
1239768953272008704
1239768965477330944
1239768973861781504
1239768979872174080
1239768984246870016
1239768987543769090
1239768988952875009
1239768992081784832
1239769001649111046
1239769020523560963
1239769021093994496
1239769027217477632
1239769029516177408
1239769031776714753
1239769033286619137
1239769047501131777
1239769062084874240
1239769071136026625
1239769079524626433
1239769091172253696
1239769113699823616
1239769122646433794
1239769125032951809
1239769139616468998
1239769142619705344
1239769152039997441
1239769167760248832
1239769170709004290
1239769184273195008
1239769186047389696
1239769190766018560
1239769196541722624
1239769206201012224
1239769209174765569
1239769221115940864
1239769226103095296
1239769232088469504
1239769242473574400
1239769252824924161
1239769253722517505
1239769264845963264
1239769265516851200
1239769266444001280
1239769272278228997
1239769275373502464
1239769277369991168
1239769288921075712
1239769289629913088
1239769313759891457
1239769316779798528
1239769319246123009
1239769325092974593
1239769334202933248
1239769338963546115
1239769343547899904
1239769347083481088
1239769357628162048
1239769360786391040
1239769361318965253
1239769398677831680
1239769420752285697
1239769425114472449
1239769425948971009
1239769429065396230
1239769435742896147
1239769444953608193
1239769445402324992
1239769463937019905
1239769469179789313
1239769469779496960
1239769481238511616
1239769489807310848
1239769493674397696
1239769506374975495
1239769510099337217
1239769517980635136
1239769532446781441
1239769537274396672
1239769550574534657
1239769563572699136
1239769563887255552
1239769570908536833
1239769575643807745
1239769580207321089
1239769597366190081
1239769598360158209
1239769602105712640
1239769619050749952
1239769647215341569
1239769647278223362
1239769649165807616
1239769667490594816
1239769668971356160
1239769672679141376
1239769678781743105
1239769679499051014
1239769689317937158
1239769704941490177
1239769705881178112
1239769707059630090
1239769710951976961
1239769713992822790
1239769731260768258
1239769732615716866
1239769734444392448
1239769795559657472
1239769797065203717
1239769812462682112
1239769818791677953
1239769820238761984
1239769851054272517
1239769851100647424
1239769862781583360
1239769865952440320
1239769888505376768
1239769902245793792
1239769924563652608
1239769925230530562
1239769925662568448
1239769929013817344
1239769931769470983
1239769969912623104
1239769970386636800
1239769989596364807
1239770001508380673
1239770017874374656
1239770018184695808
1239770037281533952
1239770037285773313
1239770050376028160
1239770056998785026
1239770057196146689
1239770083821486080
1239770107833876480
1239770123696615426
1239770135138689024
1239770149332246529
1239770152557785088
1239770162925953024
1239770174372413441
1239770194471530496
1239770201610162176
1239770207629049856
1239770233885331457
1239770234250199042
1239770274238566402
1239770280513245184
1239770286960119814
1239770305343762433
1239770310192365576
1239770335853117441
1239770340009463810
1239770346250596352
1239770349245362176
1239770357101465600
1239770357260619777
1239770360712548355
1239770362381889536
1239770363308826624
1239770368480620544
1239770370015625216
1239770370221072384
1239770387719712768
1239770399090638849
1239770416509583360
1239770419365724160
1239770419403636736
1239770420791869442
1239770421710467073
1239770426085117952
1239770437766135808
1239770449073934338
1239770451519266816
1239770465909886976
1239770468913119233
1239770481219096577
1239770484658466817
1239770491486793729
1239770492178857984
1239770492795568128
1239770494598959104
1239770498201841664
1239770512491835392
1239770514119372800
1239770545132093440
1239770552874614784
1239770564241350657
1239770594100441089
1239770602241585154
1239770608965054465
1239770613230653441
1239770618804854786
1239770627214430208
1239770637939265537
1239770667492335616
1239770667773562885
1239770668935163904
1239770669946200065
1239770675578957824
1239770699931234306
1239770760689876994
1239770761319059456
1239770783590821888
1239770790972674049
1239770791329161217
1239770793225134080
1239770794768678912
1239770801017991168
1239770809054498817
1239770809696124935
1239770821016596480
1239770822732066821
1239770827064627200
1239770829472378881
1239770838561218562
1239770839932784641
1239770851181985793
1239770853577043968
1239770859272880129
1239770874296893440
1239770877056536583
1239770884933484544
1239770890792923136
1239770896958722049
1239770904479109121
1239770914788524032
1239770921038053377
1239770926389923840
1239770928801873923
1239770938394267648
1239770938398224384
1239770938440159233
1239770938641502209
1239770938943705088
1239770951308500997
1239770954869485570
1239770955104256002
1239770959856402433
1239770962062688257
1239770962989547523
1239770966554750978
1239770967859236864
1239770975123595266
1239770988583227393
1239771007390347265
1239771034640723968
1239771038239600640
1239771062725832704
1239771064273600512
1239771095802064897
1239771111136641024
1239771116601774086
1239771130723958784
1239771139280441345
1239771150395326465
1239771150609027072
1239771153683697666
1239771170582548480
1239771178199203840
1239771184738287616
1239771190492680193
1239771192493355008
1239771198420070400
1239771207831977984
1239771217835560960
1239771227947819008
1239771243097632771
1239771254107693058
1239771256569749506
1239771275419103232
1239771282675240960
1239771287221719040
1239771299599147013
1239771299871952898
1239771309091049474
1239771321506004999
1239771342213468160
1239771365676220416
1239771392599457792
1239771396034539520
1239771401185263617
1239771403617996800
1239771433645092864
1239771442742300672
1239771443539243008
1239771453282803713
1239771468734640130
1239771486635745280
1239771495028543488
1239771512531542016
1239771513370210304
1239771523965046784
1239771525860823046
1239771529719590913
1239771534593490944
1239771545058279424
1239771548120055808
1239771549831327745
1239771557335105536
1239771560283693058
1239771574292697088
1239771581586362368
1239771593603088384
1239771596027392000
1239771617498193920
1239771621654769664
1239771622124355584
1239771624406020097
1239771628332027909
1239771629573386240
1239771632878510080
1239771651866152961
1239771662175764484
1239771668085649410
1239771670308687873
1239771670916640768
1239771677296377856
1239771693544910849
1239771695713529857
1239771698259546112
1239771703745507328
1239771704777310208
1239771709156327424
1239771712536940544
1239771714516480000
1239771722875916291
1239771728458526720
1239771749912211456
1239771757701029889
1239771770028199937
1239771770246385664
1239771788764045313
1239771793633595392
1239771815754506242
1239771815838273536
1239771820447981568
1239771823887257600
1239771850546106368
1239771854161629184
1239771880728354816
1239771896234852352
1239771910881173504
1239771916317143040
1239771919764688897
1239771924609126400
1239771937074606080
1239771939272421384
1239771940987928577
1239771944486154240
1239771945131839488
1239771945140285441
1239771949573607425
1239771950874005506
1239771953260572672
1239771966694973440
1239771967944704001
1239771969316323328
1239771975263891457
1239771976870162433
1239771977356906496
1239772002208096256
1239772011716435968
1239772011880210432
1239772050333581312
1239772054968205316
1239772061389615105
1239772067781840896
1239772070675972098
1239772071422500864
1239772079026655232
1239772085422940160
1239772088774336513
1239772092045774852
1239772109213069314
1239772109964038144
1239772111071252480
1239772115806666753
1239772130020954114
1239772134739755008
1239772173771788289
1239772177265721344
1239772198254018560
1239772222287499265
1239772228692185089
1239772234308128770
1239772239022694402
1239772247939661824
1239772248682233856
1239772261252575232
1239772318265511936
1239772336720687104
1239772339090468864
1239772368941101056
1239772384392916992
1239772385710137344
1239772387115257856
1239772388461629440
1239772391703580672
1239772393184186368
1239772397600829443
1239772411702251520
1239772442379210752
1239772446711894016
1239772460104507392
1239772479977132033
1239772480899874816
1239772492173996032
1239772513455894528
1239772518283526144
1239772530002530307
1239772531814522880
1239772533588512768
1239772537065742337
1239772581462290433
1239772591608467458
1239772597459382272
1239772618263322625
1239772621069156353
1239772622537228288
1239772630183555073
1239772639683436544
1239772648307134466
1239772659333783555
1239772674634604545
1239772678073896963
1239772694444273664
1239772703512543232
1239772715743154177
1239772718951624705
1239772741458202624
1239772748265615360
1239772758650880000
1239772789655011329
1239772796982423552
1239772810094030848
1239772811834638341
1239772816393646081
1239772819656859649
1239772820273541120
1239772826636177408
1239772835142197248
1239772839915352065
1239772850539638784
1239772860752764930
1239772861272920070
1239772862463926272
1239772863843823616
1239772874384252928
1239772886392434690
1239772917929566214
1239772929379856385
1239772934073241600
1239772943707668481
1239772946396336128
1239772961193840640
1239772962083033100
1239772965014654977
1239772971834568705
1239772977744326656
1239773017762217985
1239773036850659330
1239773042672152577
1239773065296273410
1239773066541948928
1239773081440223233
1239773087576420357
1239773090290315269
1239773101233061889
1239773108413911041
1239773125316935681
1239773135529967616
1239773153376653312
1239773160255508480
1239773166064500736
1239773171978567680
1239773173114998784
1239773178387476483
1239773188797673472
1239773199908220928
1239773210138345473
1239773215657869317
1239773249661218816
1239773271681269761
1239773286927491072
1239773289221967874
1239773304531156992
1239773309878894592
1239773323166392320
1239773349095456768
1239773354136981504
1239773355055681536
1239773361074581509
1239773361636433920
1239773370628993025
1239773385057398785
1239773401729904640
1239773402380058624
1239773410583932928
1239773420612661248
1239773440719998976
1239773447749804032
1239773455333163009
1239773471447478272
1239773488581201921
1239773494319120385
1239773495766085632
1239773509364191232
1239773510345474048
1239773520311324672
1239773535574192129
1239773545699274755
1239773583305347072
1239773591832584192
1239773600674013186
1239773602725027846
1239773610014732291
1239773616780251138
1239773638707970050
1239773644408193026
1239773649680224263
1239773678545534976
1239773705753858050
1239773709801414658
1239773766026055682
1239773770572640256
1239773817448390658
1239773818341728257
1239773821780905986
1239773822493982720
1239773841519337472
1239773853326249984
1239773868295774209
1239773878378881024
1239773882367774720
1239773903578259456
1239773909626609664
1239773911220285440
1239773921488052230
1239773935190695936
1239773938034585601
1239773942539104256
1239773953347825671
1239773954866327552
1239773967478444032
1239773972243210241
1239773982573973505
1239773986470453248
1239773990064971776
1239774001372766208
1239774028925153281
1239774067793821696
1239774068380925953
1239774069479833601
1239774070574649352
1239774072826818560
1239774108205764608
1239774111230054401
1239774114673356801
1239774143459065856
1239774169841029122
1239774174794530816
1239774184949022720
1239774199239118848
1239774209280225285
1239774224748662785
1239774239592525824
1239774249998364672
1239774260496715776
1239774278616092674
1239774290108731398
1239774298132361216
1239774307137589249
1239774320605515776
1239774328385949697
1239774334580858880
1239774382710575105
1239774384903999488
1239774392810233860
1239774397579137025
1239774398497734656
1239774412578205696
1239774419897053186
1239774429149790209
1239774429909004290
1239774437412466689
1239774457054429184
1239774464285368321
1239774467221577728
1239774475710758912
1239774496183255040
1239774501187063813
1239774501610483713
1239774519465619456
1239774528332587008
1239774529972396032
1239774530073030657
1239774535164936192
1239774555817668608
1239774602605314048
1239774608208912386
1239774616312152065
1239774622603714560
1239774630287564800
1239774634246995968
1239774636331732992
1239774636767920129
1239774649426120704
1239774663103954945
1239774672142635008
1239774674705354752
1239774682489982978
1239774685900017664
1239774705009201152
1239774705776619521
1239774711330082816
1239774728904151040
1239774729923203073
1239774741126406144
1239774752643911681
1239774768687013888
1239774776815693824
1239774782561779713
1239774785753608192
1239774799418683392
1239774803738804225
1239774829999468546
1239774834554527744
1239774845665185792
1239774849322618882
1239774861695823874
1239774862572277760
1239774865986441217
1239774887532793856
1239774893098577920
1239774903093641217
1239774908319559681
1239774913243701249
1239774913420054528
1239774917014335488
1239774917358317571
1239774936513884161
1239774955841015809
1239774959985029120
1239774983624130560
1239775010211815424
1239775040360648705
1239775062900846592
1239775077643644928
1239775080902582273
1239775082282496000
1239775090860077058
1239775091241738241
1239775092910981120
1239775101400174593
1239775105518981120
1239775130466652160
1239775154475094016
1239775156974661635
1239775172233695232
1239775173688954880
1239775206274670592
1239775214218760192
1239775223974682625
1239775257470222343
1239775271164747776
1239775279175868417
1239775279867977730
1239775321936654337
1239775322133770241
1239775329415135233
1239775369269411841
1239775373593694208
1239775388466688000
1239775409329205248
1239775413200736256
1239775413489905665
1239775444356026368
1239775448130678785
1239775454866944001
1239775465428013056
1239775473246191621
1239775475628740608
1239775480800260101
1239775483811606528
1239775494918283264
1239775500383309824
1239775510982348805
1239775515793383424
1239775520356798466
1239775540946456576
1239775559783264257
1239775564812242944
1239775575817867264
1239775576312799232
1239775593350103040
1239775615202385922
1239775625428103168
1239775630784372736
1239775649285332993
1239775656658886656
1239775664896503810
1239775666335133698
1239775669959221249
1239775676292448256
1239775680037941248
1239775697335279616
1239775698467917824
1239775707254800384
1239775727823785984
1239775735889317888
1239775761348739078
1239775783431725056
1239775788397924354
1239775790595575808
1239775796195139587
1239775796589297665
1239775803996594176
1239775809562218497
1239775813014138880
1239775813920116737
1239775827530743810
1239775831259361281
1239775834942078977
1239775841288097794
1239775847311126529
1239775849504747520
1239775852977512448
1239775862347661313
1239775867385139200
1239775919163592705
1239775919436206080
1239775921210449920
1239775924893048833
1239775932509904896
1239775964512628736
1239775969289949185
1239775978949394432
1239775979209252864
1239775982426271744
1239775984104222720
1239775985010171905
1239776000231292929
1239776001552498690
1239776014881841153
1239776016979111936
1239776018333700097
1239776049090580480
1239776087799926785
1239776088659615744
1239776100760379392
1239776104195317763
1239776122574782474
1239776145999925248
1239776146742362118
1239776148713660418
1239776176995885058
1239776185434791938
1239776194662486016
1239776197657018368
1239776223019982848
1239776224550977543
1239776234755760129
1239776239923200000
1239776240678117376
1239776245539147776
1239776247825092608
1239776253348962305
1239776254854934528
1239776258709499904
1239776278728695808
1239776283493568516
1239776289478803456
1239776313902161920
1239776317635166208
1239776322835996672
1239776324048375814
1239776324413198338
1239776333602803712
1239776363730685953
1239776366158991361
1239776369447493632
1239776384106430464
1239776451576000512
1239776492260712448
1239776516818350081
1239776551467544577
1239776564222423040
1239776618639286272
1239776639233314816
1239776652504301568
1239776655771500549
1239776657851981826
1239776696154361857
1239776712038088704
1239776724256251905
1239776726269349889
1239776728999956480
1239776730778185728
1239776733630349312
1239776734137868288
1239776736465653760
1239776747966660609
1239776758028779521
1239776759161159681
1239776783601299458
1239776800021962758
1239776805122273280
1239776814211289088
1239776818963480576
1239776826529943553
1239776830216790017
1239776833991663616
1239776844766834689
1239776860789067781
1239776861023920130
1239776865063063558
1239776871757168648
1239776874579951616
1239776879332085761
1239776884516245506
1239776893005520898
1239776901637402625
1239776903298461696
1239776911003283456
1239776913406607361
1239776917382987777
1239776922177019904
1239776922596450304
1239776939985924096
1239776944616542208
1239776950882795520
1239776959925833729
1239776961729146882
1239776964228993024
1239776971485138945
1239776980427517952
1239776985829617666
1239776997531738113
1239777000597962752
1239777013407387648
1239777020843905024
1239777047846645762
1239777105325391872
1239777112975867904
1239777119443415041
1239777144697307137
1239777151815159809
1239777162976096256
1239777165480083457
1239777169792020480
1239777175538147328
1239777176779554816
1239777178394468353
1239777186606764039
1239777187022151680
1239777200884178944
1239777205921746944
1239777242269409280
1239777258262462464
1239777268550991873
1239777273969967104
1239777298514997249
1239777300876414976
1239777306970746880
1239777314067509249
1239777314130538496
1239777315850088450
1239777351640043522
1239777355662610433
1239777386209525761
1239777397693509632
1239777407793532929
1239777419986337792
1239777455411470336
1239777460251656193
1239777463108075521
1239777469382766595
1239777469474971649
1239777480493297664
1239777493596295169
1239777494280081409
1239777520322412544
1239777520691666950
1239777525854638080
1239777545295364096
1239777546230730752
1239777559820128256
1239777562080894976
1239777574622048256
1239777593177419776
1239777600203116544
1239777604682412033
1239777633329508353
1239777653168594944
1239777663125991424
1239777680116998148
1239777694885306374
1239777702577668096
1239777703252942848
1239777703408087040
1239777709133385734
1239777719417737218
1239777740292677632
1239777740393304064
1239777755710910465
1239777767245266944
1239777768553902081
1239777776774705155
1239777780667121666
1239777781870780416
1239777785834401792
1239777812598276100
1239777818550116352
1239777818789269504
1239777820626149376
1239777837122564101
1239777858228084736
1239777864230285312
1239777868663709696
1239777877614161920
1239777893108121601
1239777901144199169
1239777910409453568
1239777910657110017
1239777926188429312
1239777929791299584
1239777945453047808
1239777955368370176
1239777956215447552
1239777961667997696
1239777990130761728
1239777991934296066
1239777992957550592
1239777993041432578
1239777996438786048
1239777997957332992
1239778035282276352
1239778055331119104
1239778061769248775
1239778064197918720
1239778064453603335
1239778071085015040
1239778076768305152
1239778086406836224
1239778087803518976
1239778096036921345
1239778106505748483
1239778119008935936
1239778158687047681
1239778164676665344
1239778171366473729
1239778172926742530
1239778180594089985
1239778211124228096
1239778223451525120
1239778230988689408
1239778242329968642
1239778243567218691
1239778245362384896
1239778251821596674
1239778266841362432
1239778277088276480
1239778292686675969
1239778301670907904
1239778305101959173
1239778309619118080
1239778319362654208
1239778323691122688
1239778345287639045
1239778374630940673
1239778375243165696
1239778384005087232
1239778386425200640
1239778392926375942
1239778393383530498
1239778409393291264
1239778420613156864
1239778437423824902
1239778466154704896
1239778471569571841
1239778475885481984
1239778476527362048
1239778481640075265
1239778485712928769
1239778486409027585