1239853985684754432
1239853985852297216
1239853985986682881
1239853986582130688
1239853986879946753
1239853987203092480
1239853987282771968
1239853987521638401
1239853987849011200
1239853989589590016
1239853995402936321
1239853996396826624
1239854002029973505
1239854005473419265
1239854006199103490
1239854007037943808
1239854014725931008
1239854023190118400
1239854023232102400
1239854023391547392
1239854024503046146
1239854027585859585
1239854028848324608
1239854030567899137
1239854030681190401
1239854038654414849
1239854045604524034
1239854050499342338
1239854051623350272
1239854055784136705
1239854066450251776
1239854069767798791
1239854079096078336
1239854079918182400
1239854084359892993
1239854084770926592
1239854094040190976
1239854101300744192
1239854106233253888
1239854106749087744
1239854106862223360
1239854113942376450
1239854114093268992
1239854121923952640
1239854124704776193
1239854130212016128
1239854130497310720
1239854131747139584
1239854132825120768
1239854134154506240
1239854139116605441
1239854141918363649
1239854144007135235
1239854145697275905
1239854146410479617
1239854147706458123
1239854149740703746
1239854161992118273
1239854165326729216
1239854177771282432
1239854178962415619
1239854180560441346
1239854185232896001
1239854185853616133
1239854196217851904
1239854204094541824
1239854209932996609
1239854210394578944
1239854211334012928
1239854221303791616
1239854223036223488
1239854242602471425
1239854247526744064
1239854250366287872
1239854258645762049
1239854260491292672
1239854264266174465
1239854266820390914
1239854273703231489
1239854275867676674
1239854277780094980
1239854279315374081
1239854279856279552
1239854282167517185
1239854282662273027
1239854284658946050
1239854288668487680
1239854288769372160
1239854316690771969
1239854321065439232
1239854334969405440
1239854334986170370
1239854344641675265
1239854347942592516
1239854348546564098
1239854351356760066
1239854361532141569
1239854371162202112
1239854383015305217
1239854390082555906
1239854394356764672
1239854401214439426
1239854408466391040
1239854410211229696
1239854410441699329
1239854411570126848
1239854420432531456
1239854425117728770
1239854426501738498
1239854434013847553
1239854437910405125
1239854442922508293
1239854453815050241
1239854456545542146
1239854459318132736
1239854463654825984
1239854474606321666
1239854480469839877
1239854483540246528
1239854493963112453
1239854508470988800
1239854520902905857
1239854527379013632
1239854529660796928
1239854534995791872
1239854551353757696
1239854568705363969
1239854569372311554
1239854570702082048
1239854573705203712
1239854575395487745
1239854591497420801
1239854597088272389
1239854598912966659
1239854599391109125
1239854602008367104
1239854603887202305
1239854609474236417
1239854618659573761
1239854626289127425
1239854629569081344
1239854631531892738
1239854636456165384
1239854639693979649
1239854659042451458
1239854659654889473
1239854667733053440
1239854690529161221
1239854695889473537
1239854698905001984
1239854700633231360
1239854702587719681
1239854708401078272
1239854714818158592
1239854718349967360
1239854723064201216
1239854727678119936
1239854735785701377
1239854742177755136
1239854748066611201
1239854749891117056
1239854751065329664
1239854756090318851
1239854766756429825
1239854784959492097
1239854788432384000
1239854791632789509
1239854791880302592
1239854795843829766
1239854798825979904
1239854800163999744
1239854801309097985
1239854804710690817
1239854809588609024
1239854811857555456
1239854811966652416
1239854823912030209
1239854833332609024
1239854841322786816
1239854858469101569
1239854862998876160
1239854868577255424
1239854873912303616
1239854876739416065
1239854897320865792
1239854917956714496
1239854928262320128
1239854931076509696
1239854944603328512
1239854962638647296
1239854964022718465
1239854967663575041
1239854974881972227
1239854987896860673
1239854994670718976
1239854997996625921
1239855000337158145
1239855001369001985
1239855010185392134
1239855021027741697
1239855027772104704
1239855041780957184
1239855047569289219
1239855048869339136
1239855051155189760
1239855052124282880
1239855064824590336
1239855066246332418
1239855068553379840
1239855080251240448
1239855089239625729
1239855123305660417
1239855130423578624
1239855132294221824
1239855137302118400
1239855137327386624
1239855144747106304
1239855146219106305
1239855156944080896
1239855175319334912
1239855204817866753
1239855210480177153
1239855212791300097
1239855217887174656
1239855218713477120
1239855222664691712
1239855225466277890
1239855230990368769
1239855232965734401
1239855236807897090
1239855239689314305
1239855246287003648
1239855249038458881
1239855251445952512
1239855254444752897
1239855255355039744
1239855256424546304
1239855264565727232
1239855265740185601
1239855273646460928
1239855289945464833
1239855290100658176
1239855295255449601
1239855299156041728
1239855301249163266
1239855303895797760
1239855306408165376
1239855308115259392
1239855311105777667
1239855314935132163
1239855324179251206
1239855324787396608
1239855336447713281
1239855349760286721
1239855349856743424
1239855364553592832
1239855389136560128
1239855396241768448
1239855404235939841
1239855404592410624
1239855416756092929
1239855432019120128
1239855463174299649
1239855474419232768
1239855475941933057
1239855476403245056
1239855479251181569
1239855486180249601
1239855491515285505
1239855498297475072
1239855502525222912
1239855503296966656
1239855506677731329
1239855516068777984
1239855517083807744
1239855518015008768
1239855521844334593
1239855533743583233
1239855533886038016
1239855535731748865
1239855542064930818
1239855566060580866
1239855570229870592
1239855574444998656
1239855585538932738
1239855594342883330
1239855597366870016
1239855626035003392
1239855636751450112
1239855639020679168
1239855648063598592
1239855648252342272
1239855648436822017
1239855668393369600
1239855679881515008
1239855682758860800
1239855689398452225
1239855689683685377
1239855703503896577
1239855710441099264
1239855718796124161
1239855720025264128
1239855726941462529
1239855730313830401
1239855731219877888
1239855738790395906
1239855746046623744
1239855747380514816
1239855749821579264
1239855756477755392
1239855762421223424
1239855777587908609
1239855787897311237
1239855790682329089
1239855796424343552
1239855802321534977
1239855802845970433
1239855807665262593
1239855817546850305
1239855823209107457
1239855825793007617
1239855829022650369
1239855831144775680
1239855840770707456
1239855845233623040
1239855855895486464
1239855859213242368
1239855866536394755
1239855873100578817
1239855882017669120
1239855888636055554
1239855892851548160
1239855908928344065
1239855910782148609
1239855912866676737
1239855914523324417
1239855915177840641
1239855922022879233
1239855927039320069
1239855928410849286
1239855935440338945
1239855940070977538
1239855971423457281
1239855986120077312
1239855988905259009
1239855991698513922
1239855997730074625
1239856002834395136
1239856003052498946
1239856007507062784
1239856008148561922
1239856008689676288
1239856009138417664
1239856018021965824
1239856024665948160
1239856033750630405
1239856038695833600
1239856040184668161
1239856050645413891
1239856067326005248
1239856076792696843
1239856087182061568
1239856093779464192
1239856095662944256
1239856109604790273
1239856110258892802
1239856110577860613
1239856114470137858
1239856117078990848
1239856119935389696
1239856125283127296
1239856131696140296
1239856138901835777
1239856139745050624
1239856141632450560
1239856170057203712
1239856170413817856
1239856170720022531
1239856171084849152
1239856171353333760
1239856174641696768
1239856196091367426
1239856202944839681
1239856206598070272
1239856220099481600
1239856224738447360
1239856233953267714
1239856237086457856
1239856249820381185
1239856257709887489
1239856264789798914
1239856265272197120
1239856275485265922
1239856278467489807
1239856281390854145
1239856289511063553
1239856296095911938
1239856300424454146
1239856310809759744
1239856316392374272
1239856320200806400
1239856321652023297
1239856332670459904
1239856354942242816
1239856355583782912
1239856379365638144
1239856387070365696
1239856387359899648
1239856408884948993
1239856415268909056
1239856427201466370
1239856437179887617
1239856444557713410
1239856446654894081
1239856461766971392
1239856463410909184
1239856463893483520
1239856471489290240
1239856473083125760
1239856474924306432
1239856477835333639
1239856487628828675
1239856501851852801
1239856509548453889
1239856513675595777
1239856514443206656
1239856519862030336
1239856520915025920
1239856538807910400
1239856539915124736
1239856545371914240
1239856551692603395
1239856560723169280
1239856564049231872
1239856580079890432
1239856587214393345
1239856589131198464
1239856589638635520
1239856596559097860
1239856597658198021
1239856604679491585
1239856611428106240
1239856620907134977
1239856627945050113
1239856630209994754
1239856662044868608
1239856662992891904
1239856671377231872
1239856677601624064
1239856682919800832
1239856683964190721
1239856684043927552
1239856686388711424
1239856686824914946
1239856688183693312
1239856696379559941
1239856718814814208
1239856726960193536
1239856727547424768
1239856732253204480
1239856750632693762
1239856754193846272
1239856756366270464
1239856758920634368
1239856764260057093
1239856766243893248
1239856786246533120
1239856793272147969
1239856798338658304
1239856806865797130
1239856806903435264
1239856816520982528
1239856834179203072
1239856843645542401
1239856849077362688
1239856853015826432
1239856864461901824
1239856875195092992
1239856875392266240
1239856877623750656
1239856884250808320
1239856884938506243
1239856887660593154
1239856894489042949
1239856895697043457
1239856895822901248
1239856904828043264
1239856911832489986
1239856913543766016
1239856917490454529
1239856919042498561
1239856925967335427
1239856927577956354
1239856936776019968
1239856939778985985
1239856944933785600
1239856947408457730
1239856951485440000
1239856955990163456
1239856970468708354
1239856972867850240
1239856977775296512
1239856984310112256
1239856984746156034
1239856995911565312
1239857000634343425
1239857005411663872
1239857006141374465
1239857007064223744
1239857008330674176
1239857009241010182
1239857013821263874
1239857016270729219
1239857016748687360
1239857025569390592
1239857029914587136
1239857032385060864
1239857045181997061
1239857050928033795
1239857053675458561
1239857058146549760
1239857060193288192
1239857070561771520
1239857075062214658
1239857079315304448
1239857085212483584
1239857086478954497
1239857098558566402
1239857105504481280
1239857105844101127
1239857114362843136
1239857126606016514
1239857126945652736
1239857135963553797
1239857147401428992
1239857156184322053
1239857161993424898
1239857168368775168
1239857168943394816
1239857171342536704
1239857172735045634
1239857174429552640
1239857176643956737
1239857178204409856
1239857178766434304
1239857183283691525
1239857194549432323
1239857198500663300
1239857201792970753
1239857204129173506
1239857221539954688
1239857224907993088
1239857235116748800
1239857247120842753
1239857250031656965
1239857255480254464
1239857256478408705
1239857263428472834
1239857266368688128
1239857279555579905
1239857312375943169
1239857314296999937
1239857317165891585
1239857324195446784
1239857328679030786
1239857329581031425
1239857330994339840
1239857331493453824
1239857332017926144
1239857334660276226
1239857339210928129
1239857352372871168
1239857354629316608
1239857356151967745
1239857370655850499
1239857373151256584
1239857376053714946
1239857383213588480
1239857387680534529
1239857387881877504
1239857392134823936
1239857396916387847
1239857402645749760
1239857407909670913
1239857408220037121
1239857415438270465
1239857418911338498
1239857420043575297
1239857422321299457
1239857427220017153
1239857427668963328
1239857449156276224
1239857449265315841
1239857452876804097
1239857458081751040
1239857458937462786
1239857471143006214
1239857483910438913
1239857507146829824
1239857507163672577
1239857510967848961
1239857513283096576
1239857519524220928
1239857538323091456
1239857539321409538
1239857549828120577
1239857550599823360
1239857572989079554
1239857576256380929
1239857580790312960
1239857597487800320
1239857607751294980
1239857609416437761
1239857614877380608
1239857636348170240
1239857641259544576
1239857642299740161
1239857677402021888
1239857682858811392
1239857687027908614
1239857703561965568
1239857713070235649
1239857724176900096
1239857728853438464
1239857737783054336
1239857746587107328
1239857751578349569
1239857755730649089
1239857759237165056
1239857760579141633
1239857760596037633
1239857765272752128
1239857771304099840
1239857771622924289
1239857782276395009
1239857785367601152
1239857787779366912
1239857795857395713
1239857804938223616
1239857838320521217
1239857838866026496
1239857839394500611
1239857840485011457
1239857849359974401
1239857851503386624
1239857853764173825
1239857855383117824
1239857871761723393
1239857893412831232
1239857901742764032
1239857912832385025
1239857922265489408
1239857930431877120
1239857935301427206
1239857937817845761
1239857947691429894
1239857951231348737
1239857965210853377
1239857978276302849
1239857983754027014
1239857985486114818
1239857989256962051
1239857999193280513
1239858017035829248
1239858017795035138
1239858032877670400
1239858033112408076
1239858039856992257
1239858041710731265
1239858046542548992
1239858051106115591
1239858052213477377
1239858062950883329
1239858068856483842
1239858076221616128
1239858078851489793
1239858083129634818
1239858083742076930
1239858085986021376
1239858102091911170
1239858115597742086
1239858120266067969
1239858121822081025
1239858125894606850
1239858127962505216
1239858134857940992
1239858137248735232
1239858138980831238
1239858139702444037
1239858139887030274
1239858152922849284
1239858182526308352
1239858185663590401
1239858192261267456
1239858205926268929
1239858208979554304
1239858212481814528
1239858215174549505
1239858217313804290
1239858220929363968
1239858220946071553
1239858226012643330
1239858227694764038
1239858243737878529
1239858249764982786
1239858250411098117
1239858255834181634
1239858260124942337
1239858261723144192
1239858269520154625
1239858277631922179
1239858278571499520
1239858279318056960
1239858280052264960
1239858288784785408
1239858294652637184
1239858296569249798
1239858299446665216
1239858302500188160
1239858321441554432
1239858326877294592
1239858331109543936
1239858334444015616
1239858345290412032
1239858346758471682
1239858372653928448
1239858387581652992
1239858395613745152
1239858395890532353
1239858397010329600
1239858400902733825
1239858404975353856
1239858447962664960
1239858450139615234
1239858453557809153
1239858458796621824
1239858473204137986
1239858476819636224
1239858489809342465
1239858491252068352
1239858493768765453
1239858497606451200
1239858498072174592
1239858502568460289
1239858503830953989
1239858506586566656
1239858511997292545
1239858514723344385
1239858517172817921
1239858517470842880
1239858523279888384
1239858523602857984
1239858538588995584
1239858554246500355
1239858566749663232
1239858573846302720
1239858574584614913
1239858576602157058
1239858578510528513
1239858580712493059
1239858585120780289
1239858587201085441
1239858598378954753
1239858616200499201
1239858618113110017
1239858619233042432
1239858620608712705
1239858631081852930
1239858644788727808
1239858655270506496
1239858666318241793
1239858670294274050
1239858672018370560
1239858685402218496
1239858691068833792
1239858695024107520
1239858695183482880
1239858708793798656
1239858714317897728
1239858716645691393
1239858720261185538
1239858728565788674
1239858729203503105
1239858743501783042
1239858759377121281
1239858780327653376
1239858782777344000
1239858794278125569
1239858797516140545
1239858797738364928
1239858830101659650
1239858833570304000
1239858839417217026
1239858840755200000
1239858842755792897
1239858843607355393
1239858850041335808
1239858856106184705
1239858869976756224
1239858873151848450
1239858874183802886
1239858883121655808
1239858908480634880
1239858922019672064
1239858928306929664
1239858928407597057
1239858937727291392
1239858949047775232
1239858963736219649
1239858971810435072
1239858986809204736
1239858989439090689
1239858991703953408
1239858996254777344
1239859002277855232
1239859003456286720
1239859004722958337
1239859009600909312
1239859015925903360
1239859018861961221
1239859030593384448
1239859033600921602
1239859034313732096
1239859043994415104
1239859067050434561
1239859073488531461
1239859077381074945
1239859081604550656
1239859087858454530
1239859088839802880
1239859088961519617
1239859094074331137
1239859094854537216
1239859108053831681
1239859108314046465
1239859120192323585
1239859122847260674
1239859128240988162
1239859139334955008
1239859153016950786
1239859156607275009
1239859157093605376
1239859162210881536
1239859172180512769
1239859178346332162
1239859180858720256
1239859187284402176
1239859196935335939
1239859198772551680
1239859204011278336
1239859237037019136
1239859241650917378
1239859246981877765
1239859249943064576
1239859255248855041
1239859257543200768
1239859259527045120
1239859270570704896
1239859272806215680
1239859277076054017
1239859279173005312
1239859282012667904
1239859284734701568
1239859287893184513
1239859302006845440
1239859302992658432
1239859305907539968
1239859306331172865
1239859308130639872
1239859308772216832
1239859310139564033
1239859310588461058
1239859312161251329
1239859312429682688
1239859324324909056
1239859332491116545
1239859344554016768
1239859352460197888
1239859355928977415
1239859357371727878
1239859361809342464
1239859364703268864
1239859367303880705
1239859415035129856
1239859433347284996
1239859439353712641
1239859440733560832
1239859445028597760
1239859447117291520
1239859463739375616
1239859471397974016
1239859483062333442
1239859486648664064
1239859492256243712
1239859501639110656
1239859502041595904
1239859504138895361
1239859507053744128
1239859516956725251
1239859526532239360
1239859532899254277
1239859536204365824
1239859537668124673
1239859537827356672
1239859540713234433
1239859541132468227
1239859544307699712
1239859544928530432
1239859557892947975
1239859571893690369
1239859578889809922
1239859583100674048
1239859586586284032
1239859611676676097
1239859623471075329
1239859625597587458
1239859638008451074
1239859647839797251
1239859651040215040
1239859659575570432
1239859665359568896
1239859672229777408
1239859675387940865
1239859677644468224
1239859697261236224
1239859698196717568
1239859699954188290
1239859700985970690
1239859709164703749
1239859715313741824
1239859722783580161
1239859723354222595
1239859724876578816
1239859726101499906
1239859733139312640
1239859742333456385
1239859742710747138
1239859759819501568
1239859772314144769
1239859772607913984
1239859781415899136
1239859797673029632
1239859799938019328
1239859804497162246
1239859812059557888
1239859816400551937
1239859836084510720
1239859838047399943
1239859838378594304
1239859849757749248
1239859851335012352
1239859854807875584
1239859870247108608
1239859884184801280
1239859885334028293
1239859885501829120
1239859888525733888
1239859888874029057
1239859891201859584
1239859905911291907
1239859918468980737
1239859927968956416
1239859928623230976
1239859933362810880
1239859941680152576
1239859957740130305
1239859963603955712
1239859973217271808
1239859988132028416
1239859990464249856
1239859992313856001
1239859998697484288
1239860012962451456
1239860013096677381
1239860032210194435
1239860037935411200
1239860044075642882
1239860047745650689
1239860047917862912
1239860048555208704
1239860069275181057
1239860082059476992
1239860084810924032
1239860085855145985
1239860119262957568
1239860126376497152
1239860136832876544
1239860136950272000
1239860138564939776
1239860148904103936
1239860160241123328
1239860167551918080
1239860169858854912
1239860173558009857
1239860175512776705
1239860184354193408
1239860185306247168
1239860191157350400
1239860192403247105
1239860192646316032
1239860194567479297
1239860200191844357
1239860211009179648
1239860214507192321
1239860221909946368
1239860223470235653
1239860244370595846
1239860252276854787
1239860260489355264
1239860275702050818
1239860277107023878
1239860281305522176
1239860282647883776
1239860284673667072
1239860288121430017
1239860290726002693
1239860292219109376
1239860301832617984
1239860305967976450
1239860307595534337
1239860318878261251
1239860328143429633
1239860334321709056
1239860335529558018
1239860342689165312
1239860354227806209
1239860354705952769
1239860358313127936
1239860359818813440
1239860362410971137
1239860363967037440
1239860364159922179
1239860365523062785
1239860388335943680
1239860396577689600
1239860398028775425
1239860399014424576
1239860401182916608
1239860407738785793
1239860425757507584
1239860432506179585
1239860432652898304
1239860435098140673
1239860442836676608
1239860443553955841
1239860443881013248
1239860446049550337
1239860452177272832
1239860457365741568
1239860459395678209
1239860461551706112
1239860470087114752
1239860477099991044
1239860477406130176
1239860492153368577
1239860511916916736
1239860516325150722
1239860521085460480
1239860521622536192
1239860550718365701
1239860552077389826
1239860553566294017
1239860557366218752
1239860569747980290
1239860588915769345
1239860602736128002
1239860607412842496
1239860610784841729
1239860611179257858
1239860613238702080
1239860627662950400
1239860629252583426
1239860635112034304
1239860647052988416
1239860652782600193
1239860660156026882
1239860667076624384
1239860671782760449
1239860674962079744
1239860687322648578
1239860696692727808
1239860703093092352
1239860704926224385
1239860705525825536
1239860719593459712
1239860730452520961
1239860732243537921
1239860739764031492
1239860744847536134
1239860749377384449
1239860757992476674
1239860763566669824
1239860764262817792
1239860768780107776
1239860768843149313
1239860779727433729
1239860785335209984
1239860793434230785
1239860794973499393
1239860795552534528
1239860814011682816
1239860816402419713
1239860838032453633
1239860843375812608
1239860847578677248
1239860853546962944
1239860872119496704
1239860879866429440
1239860887424557056
1239860894466822145
1239860895544680448
1239860899059564545
1239860901475504129
1239860906084925442
1239860907284496386
1239860917803900928
1239860920597327872
1239860932865437696
1239860934325219328
1239860944655835136
1239860945075294211
1239860955921518593
1239860957653766151
1239860961579864064
1239860972103389189
1239860976800989185
1239860981074780160
1239861007545073664
1239861010539909120
1239861011773087745
1239861017724604417
1239861026868379648
1239861028604821505
1239861040751562753
1239861054458302465
1239861061332983809
1239861070405263361
1239861081054556166
1239861085341192192
1239861087245402113
1239861099635380224
1239861109403901953
1239861113304596480
1239861114910851072
1239861117247033345
1239861122137755648
1239861130773889024
1239861132057247744
1239861132153647105
1239861147743862786
1239861147794198530
1239861147819552768
1239861163011129344
1239861176177176578
1239861178408398848
1239861180354748417
1239861211518255104
1239861213229723649
1239861228262080517
1239861243344797696
1239861244988882944
1239861247161630720
1239861248373788672
1239861253184450560
1239861259605954560
1239861265864044544
1239861273157926912
1239861284142792709
1239861289637330944
1239861291344429056
1239861307832184833
1239861312970252288
1239861329437036544
1239861335011332096
1239861341785141248
1239861342548492288
1239861345836728320
1239861346499530754
1239861355798081536
1239861362676781057
1239861381433823238
1239861386131288064
1239861386894696448
1239861386894770176
1239861409388941313
1239861418482155522
1239861442829938690
1239861448429486080
1239861455421198336
1239861459145887744
1239861470201958400
1239861505249722369
1239861507267198976
1239861507309080578
1239861511071260674
1239861514368147456
1239861522765090817
1239861527026507776
1239861527798255617
1239861529803137026
1239861535469637633
1239861535712960512
1239861535851171843
1239861536631316480
1239861537852047367
1239861544437125120
1239861546622181377
1239861547624783873
1239861554234998785
1239861560702578688
1239861567505612800
1239861568239742976
1239861568902500354
1239861569779126272
1239861570852839431
1239861572153085952
1239861585675522048
1239861589173579777
1239861591379607553
1239861596119117824
1239861600984711168
1239861604554100736
1239861611667558400
1239861614431666178
1239861616713199616
1239861619003449344
1239861626544807937
1239861628230709248
1239861628633481217
1239861634186657797
1239861638951469057
1239861643770806274
1239861645289160704
1239861651899285504
1239861655573614593
1239861659738537985
1239861662695464961
1239861670949933056
1239861674338893825
1239861692475080707
1239861699068530688
1239861704680517633
1239861714264494080
1239861720409083905
1239861723395436544
1239861732635553797
1239861734497759233
1239861755284803585
1239861757134491648
1239861763761414144
1239861769172144128
1239861773190049793
1239861777548050432
1239861782417563648
1239861789229223936
1239861792517410816
1239861793809403905
1239861810112667648
1239861815426920449
1239861817267990529
1239861845315420160
1239861847098109952
1239861848066981888
1239861849073389568
1239861849870434304
1239861854727364611
1239861855675461632
1239861856535265285
1239861860435988486
1239861871101894656
1239861874298163200
1239861874646233088
1239861885094244352
1239861888504266753
1239861900244107264
1239861903851020289
1239861904870453249
1239861905369546753
1239861906304720898
1239861921735749632
1239861923275067392
1239861932720611330
1239861943466438657
1239861945890529280
1239861953750642688
1239861970330738688
1239861970897178626
1239861975242465280
1239861976941187079
1239861985526845441
1239861986965336065
1239862002895519745
1239862003277201409
1239862010864529408
1239862012865163264
1239862013809102849
1239862024022167557
1239862030531780608
1239862032637349888
1239862033702621184
1239862035015335936
1239862040522563584
1239862047468371970
1239862057685725186
1239862059036180481
1239862070754996225
1239862076572610561
1239862077080195072
1239862078137040896
1239862081312227328
1239862083543580672
1239862087507206144
1239862088937304064
1239862089021181953
1239862098164953092
1239862107446755329
1239862119069147138
1239862123456495617
1239862137612382209
1239862153214955524
1239862166762774528
1239862175965028353
1239862193740529664
1239862194797449216
1239862195829248006
1239862199239217152
1239862199495143425
1239862216863567873
1239862217379590144
1239862227294760960
1239862249612853249
1239862261289816064
1239862262820737026
1239862263294521344
1239862264779415552
1239862265404325888
1239862269351165952
1239862275701444608
1239862277190365184
1239862300015620097
1239862300254834688
1239862317262622721
1239862322358779904
1239862323734548480
1239862328750899201
1239862334702661632
1239862361961500672
1239862376310222848
1239862385332150274
1239862396392550411
1239862423412244481
1239862424565452800
1239862424582279168
1239862427237240832
1239862428579647488
1239862430697574401
1239862431842816002
1239862448657596416
1239862454550704131
1239862460284354560
1239862460804448256
1239862492844744704
1239862505616429057
1239862511102541825
1239862512679411712
1239862532023738368
1239862542471757825
1239862552051560448
1239862554983366658
1239862555675365376
1239862563715891202
1239862564886102018
1239862572205191168
1239862573006229504
1239862583160700929
1239862584926404608
1239862586180620289
1239862595357536257
1239862595533910016
1239862600646696960
1239862608733204481
1239862608796188673
1239862611803541508
1239862626617831424
1239862627259514881
1239862643613224962
1239862647253864450
1239862650743345152
1239862659476054017
1239862666782330880
1239862681416466432
1239862682439823366
1239862684683603969
1239862686109794304
1239862692409679872
1239862695840579584
1239862696595673089
1239862708616527874
1239862715444801536
1239862715562078215
1239862715897638912
1239862720977125377
1239862722902269953
1239862732595355648
1239862753675730945
1239862768221605888
1239862793257603073
1239862794012569601
1239862795858042881
1239862795996467200
1239862802006843393
1239862802820595713
1239862806167662592
1239862807627096065
1239862808243630081
1239862809074323456
1239862820277125121
1239862842968485890
1239862846399406081
1239862852644716546
1239862862404673536
1239862879794405376
1239862892977180676
1239862897825718272
1239862898521853953
1239862909183774720
1239862910735785984
1239862918197522432
1239862944009261062
1239862947930923015
1239862953945464833
1239862955258212368
1239862956697047041
1239862964313866240
1239862966729703430
1239862967174389765
1239862971142111233
1239862976963805185
1239862979052494848
1239863000841850880
1239863008014327808
1239863017208262656
1239863018013347840
1239863019414282243
1239863021209563139
1239863025005404163
1239863026477600770
1239863034056708102
1239863071813914624
1239863086489538562
1239863091317235713
1239863092655292418
1239863102344216577
1239863112507043841
1239863114054733825
1239863124695478272
1239863130269732864
1239863130559336449
1239863137299501056
1239863142177480705
1239863143226105856
1239863147969699841
1239863150901465088
1239863156077289473
1239863159944593408
1239863173290823680
1239863175572410368
1239863177384468481
1239863178391142400
1239863183227129857
1239863183864508417
1239863211815567366
1239863212792844288
1239863238449221632
1239863255587225600
1239863260490448897
1239863261522055170
1239863274054848512
1239863278626639872
1239863279066832896
1239863287736647681
1239863299673554944
1239863299900157952
1239863299933491201
1239863310209744896
1239863316303970305
1239863324407468032
1239863329390116866
1239863344795987973
1239863360813842433
1239863374206447617
1239863387846332416
1239863390106984449
1239863403289751552
1239863406464663552
1239863409199505408
1239863416325640195
1239863419756589058
1239863426823770113
1239863432255549440
1239863433735987202
1239863435539746816
1239863435896242176
1239863439666884609
1239863450546954253
1239863452350451713
1239863465436524544
1239863470662619138
1239863482344001538
1239863482914344966
1239863489570766854
1239863494725468160
1239863496084422656
1239863497363775494
1239863498575941634
1239863499863572480
1239863522370228226
1239863544276897793
1239863544281214976
1239863545627435009
1239863548320403462
1239863549209366531
1239863557963079680
1239863560009928704
1239863562165600257
1239863578485755904
1239863582315229187
1239863593987964928
1239863601181188101
1239863602686971905
1239863609167142917
1239863613961031680
1239863617853345792
1239863620584038403
1239863624039985153
1239863626145685504
1239863626925776896
1239863632801837057
1239863643279446016
1239863646978703361
1239863656273383424
1239863663089106949
1239863666356285440
1239863683389493250
1239863687055323136
1239863687323815936
1239863689144041474
1239863694001090560
1239863697998315520
1239863700523229186
1239863703392137216
1239863704507817984
1239863704776331264
1239863716167831553
1239863731535970305
1239863747356831746
1239863749625987072
1239863765044166657
1239863779590103041
1239863786619707401
1239863786942545920
1239863798376230912
1239863800561614848
1239863803090595840
1239863805779365890
1239863807222022145
1239863807410876418
1239863811923992576
1239863828910878727
1239863833793040384
1239863836385128449
1239863851811778560
1239863852197646336
1239863860040851456
1239863863517958144
1239863866005340165
1239863866269618176
1239863866626015237
1239863871944495104
1239863896682291200
1239863907721850880
1239863914956902400
1239863916907220993
1239863919910453248
1239863920552292353
1239863923995803648
1239863928647118848
1239863930178109442
1239863936440242177
1239863938025734146
1239863946523312128
1239863949476102146
1239863954631004161
1239863960389578755
1239863961509650433
1239863970007318528
1239863975874985989
1239863984620216320
1239863989036888064
1239864008498388992
1239864008569581568
1239864010033553408
1239864018740928513
1239864021404323840
1239864022238760960
1239864022813507584
1239864028576362496
1239864029784543232
1239864031726493698
1239864040580624388
1239864050663723009
1239864052119150593
1239864054174437377
1239864056720150529
1239864082368466944
1239864084775854085
1239864085983956993
1239864087791783936
1239864093022007298
1239864098596274180
1239864107974754306
1239864112596815873
1239864117751668736
1239864118225633281
1239864131169255425
1239864135254519808
1239864148709847040
1239864155378790400
1239864157706436608
1239864160449630208
1239864173951168512
1239864177889550336
1239864196088475653
1239864204351475712
1239864208612786178
1239864215667503106
1239864250321027073
1239864258097229824
1239864272970305537
1239864277164380161
1239864289566937088
1239864314254721026
1239864314799915009
1239864316326748160
1239864317580894209
1239864318369333248
1239864318377721856
1239864330310606848
1239864338606948353
1239864340632698880
1239864345040809986
1239864360916398081
1239864372610109440
1239864373197393922
1239864396022775808
1239864401307590656
1239864403073224705
1239864404553822209
1239864421578653696
1239864423105339392
1239864430130679809
1239864431326060549
1239864433339322368
1239864435360980992
1239864447121809409
1239864447809847297
1239864451852980224
1239864461248299009
1239864471268364289
1239864473969496064
1239864488070770691
1239864493414518784
1239864495595536389
1239864501882753024
1239864508782383104
1239864519641518084
1239864523177115648
1239864536926007296
1239864541334450176
1239864542181511170
1239864550683488256
1239864554625970176
1239864557918539776
1239864572489728001
1239864573244702725
1239864574112866304
1239864590000889856
1239864593570242560
1239864604605497344
1239864605276545024
1239864624280932352
1239864626088640512
1239864641993551873
1239864661656440838
1239864671299153926
1239864674427994115
1239864681940090880
1239864683349315588
1239864685513641984
1239864693407260673
1239864698360729601
1239864698742476800
1239864699417694210
1239864703314284544
1239864717176422403
1239864723027513344
1239864728865865729
1239864730631565313
1239864736528900096
1239864750487543809
1239864752572112897
1239864754946093056
1239864765184266241
1239864784289497088
1239864786017349632
1239864787959336961
1239864792233299968
1239864795614101504
1239864805760086016
1239864808209440769
1239864811795681280
1239864820469501955
1239864821589389312
1239864824256802821
1239864824273788931
1239864825812905984
1239864839893385216
1239864844871966720
1239864848697241600
1239864852400742410
1239864852614500352
1239864879097335809
1239864885455908864
1239864888287277057
1239864900295577600
1239864908201594880
1239864914816221184
1239864916405661696
1239864921103511556
1239864932272705541
1239864943123587072
1239864945707188230
1239864947510849536
1239864949993766912
1239864950652370944
1239864953382809601
1239864956746514432
1239864956981395457
1239864968289202176
1239864969811734528
1239864976904314880
1239864980687785986
1239864984240152576
1239865006067499008
1239865031090507776
1239865031497601026
1239865032562925568
1239865036123697152
1239865049767907334
1239865050929790976
1239865067723804672
1239865093485199360
1239865093720018944
1239865095586369537
1239865101366296576
1239865112724455426
1239865122102882305
1239865143195922438
1239865143196110850
1239865144492072961
1239865154487156736
1239865166491037696
1239865171213987841
1239865174758129666
1239865178759393280
1239865185952825345
1239865195658391554
1239865217548500993
1239865227480457219
1239865228868927488
1239865229967794176
1239865230936735744
1239865234564808704
1239865234837385216
1239865235189592064
1239865237341270017
1239865243364294656
1239865246765985799
1239865250998075392
1239865251304222724
1239865253711798273
1239865258673672192
1239865261848555520
1239865269641555968
1239865271868940290
1239865272854511617
1239865273936744448
1239865280324657154
1239865289409466370
1239865291418583042
1239865296145580033
1239865302445445121
1239865309890256902
1239865310167130119
1239865310447980544
1239865310569803778
1239865310922014721
1239865314080251904
1239865322640998408
1239865325396668417
1239865326910738434
1239865333885927424
1239865340449832961
1239865341456637960
1239865344040321024
1239865350302371840
1239865359122993152
1239865364508336129
1239865365724721153
1239865366941241344
1239865367872155651
1239865368568610817
1239865371315798023
1239865373404606469
1239865377766510600
1239865396888514560
1239865397614202880
1239865403792334848
1239865404887044096
1239865409182093312
1239865410150895617
1239865410633240580
1239865412562665472
1239865416329105409
1239865420120821761
1239865422540873728
1239865424793063424
1239865428643463168
1239865441901842433
1239865446326771714
1239865475062005761
1239865477125541888
1239865481319682048
1239865482985050112
1239865495874146304
1239865499111964672
1239865502182395905
1239865502652129281
1239865504166301696
1239865513196453888
1239865518250655744
1239865521522253829
1239865532695756800
1239865536445657088
1239865537187827712
1239865541755535360
1239865548701343744
1239865552820199428
1239865552958562306
1239865557576560641
1239865562039083008
1239865562509041664
1239865565520564224
1239865577843408901
1239865592213049344
1239865600702382082
1239865607023026176
1239865614413463552
1239865618716749824
1239865635527462913
1239865648433352705
1239865655312052224
1239865655421210625
1239865656713064449
1239865664568950784
1239865665953173505
1239865669472174081
1239865673443971073
1239865676719939584
1239865679295197184
1239865687792922625
1239865689109913601
1239865689969537029
1239865690531573766
1239865700514177024
1239865701575188480
1239865703877840896
1239865707829100544
1239865710773522432
1239865732915064832
1239865741920186370
1239865743505788929
1239865743908524033
1239865747439927296
1239865751860731905
1239865752385130496
1239865752741609475
1239865768604389376
1239865769061744640
1239865774384218113
1239865775835529216
1239865777571762176
1239865779157381120
1239865786279161858
1239865790561767424
1239865793011044357
1239865801861021698
1239865804172255233
1239865810191028224
1239865819678429184
1239865826070507521
1239865831040798721
1239865831267405825
1239865835981647872
1239865840566185985
1239865843103797253
1239865849051299841
1239865850942894082
1239865854868611072
1239865864196890626
1239865883507355651
1239865884237324290
1239865905280167936
1239865926490693632
1239865931964092417
1239865937152446464
1239865942995341314
1239865944719196161
1239865958078058497
1239865964415594497
1239865965573296129
1239865969771786242
1239865969851486208
1239865973961883648
1239865992601317376
1239865993574350849
1239865993842704384
1239866006765539331
1239866010754301953
1239866011999969286
1239866015699386371
1239866020829057024
1239866021542072320
1239866029754290177
1239866037513924608
1239866043541192704
1239866045873127424
1239866064449736704
1239866073731796994
1239866087749156871
1239866090286653440
1239866100982132737
1239866101695045633
1239866103016325120
1239866103402201098
1239866124726079488
1239866128156909568
1239866128186380289
1239866129289371648
1239866153423568899
1239866154463657986
1239866157563289601
1239866162722332673
1239866168153968641
1239866174046900224
1239866179403087872
1239866180900237313
1239866182469107713
1239866189460856832
1239866191025451008
1239866196322705408
1239866198835122176
1239866199195836416
1239866200726867968
1239866202480160768
1239866204925419520
1239866205458051073
1239866214161297408
1239866216665276416
1239866217147531266
1239866218292506625
1239866218351333376
1239866230959476737
1239866231710089216
1239866233358626816
1239866246960742401
1239866259736530944
1239866270192824320
1239866271388360710
1239866279814725633
1239866280175230978
1239866281626669056
1239866288740147202
1239866303135047681
1239866321187287045
1239866323552759808
1239866335045115905
1239866338581061633
1239866339302371334
1239866352401334273
1239866361746092032
1239866363201683458
1239866373536460801
1239866384974139392
1239866392079450112
1239866398429462528
1239866401420173312
1239866408143650817
1239866415152332800
1239866421594603520
1239866423419244547
1239866424354635776
1239866426455994368
1239866433322049537
1239866440385040384
1239866441341579264
1239866455354740739
1239866457963593728
1239866459431604224
1239866459435814913
1239866460215939073
1239866470340988930
1239866476498006017
1239866476997287945
1239866479610187776
1239866485465546755
1239866487151702017
1239866490846941185
1239866495229968386
1239866501651410944
1239866514892681219
1239866515207401472
1239866523637952514
1239866537357586432
1239866544307478528
1239866548627607552
1239866552289087491
1239866552620589057
1239866568638636032
1239866570622599168
1239866578025488385
1239866578382082049
1239866581192257538
1239866585008963584
1239866586799972352
1239866588699987968
1239866589165408256
1239866594081353728
1239866604927586305
1239866640701030400
1239866646031892481
1239866647017598977
1239866654219276288
1239866657394372619
1239866658224771072
1239866663333515267
1239866679993253891
1239866685638795265
1239866693142315008
1239866706123722752
1239866716626321409
1239866718228549635
1239866720564711424
1239866727850102786
1239866728835932161
1239866732488978435
1239866736394076161
1239866740038946816
1239866740810678272
1239866745181044741
1239866747726921733
1239866758292537344
1239866760330915840
1239866771294900225
1239866772058062848
1239866781293891584
1239866784586567683
1239866799144853504
1239866804224352257
1239866812373897216
1239866814492028928
1239866817083871233
1239866831999025159
1239866839116550144
1239866842539266051
1239866849111785472
1239866870930575360
1239866887846219776
1239866888928342016
1239866899967639554
1239866902954082304
1239866904057016325
1239866912286232578
1239866914018488320
1239866915125854214
1239866915964633090
1239866916606545920
1239866919991349255
1239866933404676096
1239866937653542914
1239866942762012672
1239866945102647300
1239866947719835650
1239866950702051329
1239866962399854592
1239866969014362117
1239866970104680450
1239866976463245314
1239866981362384896
1239866991873159168
1239867004099670019
1239867005609574404
1239867008004562946
1239867018406395910
1239867023091544064
1239867023825326080
1239867026014904320
1239867026379878400
1239867028229328896
1239867032830705664
1239867033023426561
1239867033073750017
1239867047099719680
1239867065638494209
1239867065944756224
1239867071162462208
1239867073234440194
1239867074077315075
1239867086161219584
1239867086656192513
1239867097775140864
1239867101734559744
1239867103932485632
1239867106851803136
1239867109468930048
1239867124161667072
1239867128272093185
1239867128670572547
1239867128729214976
1239867132432670722
1239867133938610177
1239867134328688641
1239867145456099333
1239867146450145280
1239867150434623489
1239867152309587968
1239867160987668480
1239867164292677633
1239867176976371712
1239867177370558464
1239867184161214465
1239867201252986888
1239867210396557312
1239867213064134660
1239867214699696130
1239867215878533122
1239867220768980992
1239867230042669057
1239867246450704384
1239867249445367808
1239867259587354624
1239867268579971074
1239867268634488832
1239867275622187008
1239867276909842432
1239867279648731136
1239867281141682176
1239867289513549824
1239867302159560704
1239867302818037762
1239867309566472192
1239867320412958720
1239867334858162177
1239867339333464065
1239867356396036096
1239867358707097600
1239867365065711616
1239867373303324672
1239867374133600258
1239867381901660160
1239867387064639488
1239867390483214338
1239867397215080450
1239867401086402563
1239867401958838275
1239867413484765184
1239867419188957184
1239867420694757376
1239867429552939009
1239867430027104257
1239867433269243907
1239867439107706880
1239867439875272704
1239867458401509377
1239867459902918657
1239867460972503040
1239867461735874561
1239867462457249794
1239867463522824192
1239867484498464768
1239867484787757058
1239867496632590338
1239867497303683074
1239867503691599872
1239867506832990211
1239867529998319617
1239867560134430721
1239867567121952773
1239867570511130624
1239867571668545536
1239867576659951618
1239867582548709376
1239867593806184456
1239867606003220480
1239867611879485440
1239867615008473095
1239867616413364230
1239867622331568133
1239867623615102985
1239867623745044480
1239867629399150593
1239867640614662150
1239867646075719680
1239867646830665728
1239867658192871424
1239867658977398784
1239867660369670144
1239867663859539969
1239867665390288896
1239867679625936896
1239867681311875074
1239867702153564161
1239867709980016640
1239867711066378240
1239867718259572736
1239867730750320641
1239867756641751041
1239867764216496129
1239867764233449472
1239867776514260995
1239867788388438021
1239867793601937411
1239867799369125889
1239867813759791105
1239867816297316354
1239867818323124225
1239867825755471872
1239867836828450816
1239867837126250496
1239867837918871557
1239867841551257602
1239867854033477632
1239867857107853312
1239867858794012675
1239867861767725056
1239867862711443456
1239867871058067460
1239867873960615937
1239867886061137920
1239867891492814848
1239867891882713088
1239867897318486018
1239867897356353537
1239867898702655489
1239867899726028812
1239867914100060160
1239867920899026944
1239867921872162816
1239867924053180417
1239867924401336321
1239867927119179777
1239867938418462720
1239867944915607552
1239867953899876352
1239867955552210945
1239867958685360128
1239867961936150528
1239867981116538880
1239867984220430339
1239867984883011585
1239867999135207425
1239868000158826496
1239868003333914625
1239868005154201607
1239868014821965824
1239868018945069057
1239868027472162817
1239868030571753473
1239868032081473543
1239868036464680966
1239868037337145344
1239868039518134272
1239868040294158340
1239868052390338561
1239868057104850947
1239868079276011520
1239868079510781953
1239868093125595136
1239868093649780737
1239868099802861568
1239868126164066304
1239868127980204035
1239868131935498251
1239868134510587905
1239868135802425345
1239868140705677312
1239868142651834373
1239868166102286336
1239868167972892672
1239868170531266560
1239868173006123008
1239868174650261504
1239868175443005442
1239868184636710912
1239868193050484736
1239868199086276609
1239868200982138880
1239868206774390787
1239868210431721473
1239868218107363328
1239868227662098432
1239868228039577606
1239868232330350592
1239868236470145024
1239868239846539265
1239868244032356352
1239868249669545984
1239868253834481665
1239868254383980549
1239868263078735873
1239868269324054529
1239868272780226561
1239868275863040000
1239868279256231936
1239868279881117697
1239868290362740736
1239868295894970368
1239868302010220547
1239868313502613504
1239868330057641986
1239868335879270400
1239868338299379712
1239868345475833856
1239868357198913543
1239868365830860802
1239868369391816704
1239868389088088065
1239868390820511744
1239868396587507712
1239868398034714624
1239868400777773056
1239868416447713280
1239868427986231296
1239868431127764992
1239868445296115712
1239868457522475013
1239868458390740993
1239868474496671747
1239868478389129216
1239868509884043266
1239868511373217792
1239868512937504769
1239868514552492032
1239868518558060545
1239868531300356097
1239868532550250497
1239868538816540674
1239868546353635331
1239868546655465473
1239868547444150272
1239868552590450688
1239868559670554628
1239868559905280002
1239868560555610112
1239868564867350528
1239868566964506625
1239868582248378368
1239868584857305088
1239868598711091202
1239868610178400257
1239868614959865856
1239868621179912192
1239868622563995649
1239868626091552768
1239868627538460679
1239868633914003458
1239868651513282561
1239868665102729222
1239868666776358913
1239868680676282368
1239868682110750725
1239868682991554560
1239868698900533248
1239868699387088898
1239868719788167169
1239868732484333568
1239868733255974913
1239868735713878018
1239868744353976320
1239868751979429890
1239868752319188992
1239868755091623936
1239868756114804736
1239868769679392769
1239868774695739393
1239868783990169601
1239868798137774082
1239868803607080966
1239868805272215558
1239868809189765120
1239868811194621953
1239868814436663297
1239868818312159232
1239868823123214338
1239868826059186179
1239868830781931527
1239868844442816513
1239868847399800832
1239868854299512832
1239868860200898562
1239868870095241216
1239868886864007168
1239868896766767105
1239868907428732928
1239868909341282305
1239868910868090880
1239868930342023169
1239868951573782529
1239868952689414145
1239868954924986369
1239868960633479168
1239868961770156032
1239868962369921025
1239868963519168512
1239868966237069312
1239868973765754880
1239868983463067649
1239868987590299649
1239868995257487364
1239869001590689792
1239869004208058368
1239869004690239489
1239869014781952003
1239869015763431425
1239869024898404352
1239869028631482369
1239869033777958913
1239869037758349312
1239869041579143168
1239869049183576064
1239869053662949378
1239869072030019585