1239748289723084802
1239748289815179265
1239748290544975872
1239748290733801472
1239748290754670593
1239748291262320641
1239748296286932997
1239748310128197633
1239748320865779713
1239748322941943812
1239748328331423746
1239748329266802688
1239748331015794688
1239748348740952064
1239748351714787331
1239748376348024835
1239748385298620417
1239748409319247874
1239748409784967179
1239748417590607874
1239748432526561280
1239748450398416896
1239748461018284034
1239748461815267329
1239748466563219459
1239748466575843329
1239748467481870336
1239748469390278657
1239748480949600256
1239748493666729990
1239748498213539841
1239748499391930369
1239748519663030272
1239748519717527553
1239748520564809728
1239748538143252481
1239748542127910912
1239748546213052416
1239748556329803777
1239748567578877952
1239748576336580609
1239748581713682433
1239748589795958784
1239748601573588992
1239748601699426304
1239748601913409536
1239748605990154240
1239748612499730438
1239748637820764160
1239748643441295360
1239748648155492354
1239748657714323456
1239748675674484736
1239748682951675904
1239748703382122498
1239748705529585664
1239748707505131520
1239748710860455936
1239748723976155142
1239748726375231488
1239748727876829185
1239748741092929540
1239748744662269952
1239748761280266241
1239748769626894341
1239748771572903936
1239748773057716225
1239748790623461377
1239748792552951808
1239748802879225856
1239748816229842946
1239748816238075911
1239748828422701059
1239748832293826563
1239748833975963650
1239748850916577282
1239748855006199808
1239748855173799942
1239748856163655683
1239748860693471232
1239748879253266433
1239748896047292416
1239748906457726978
1239748919107547137
1239748919283707904
1239748924249759746
1239748924270837762
1239748933624246277
1239748934894891009
1239748936455172103
1239748936698679296
1239748939558969345
1239748953597341697
1239748957980332032
1239748988800098304
1239748996878471168
1239749010451202050
1239749029405192193
1239749036590202881
1239749043917553664
1239749049349058560
1239749060031963136
1239749065585246208
1239749079015378945
1239749088884580352
1239749105569628166
1239749114553724930
1239749114654380032
1239749115967238149
1239749141074309120
1239749148221505538
1239749163715264513
1239749176730300417
1239749181738307584
1239749188717551619
1239749189875060737
1239749193880633346
1239749194300219394
1239749203154345985
1239749205910052866
1239749209060003840
1239749209743659008
1239749211815542784
1239749214248349698
1239749214697132034
1239749218476097536
1239749224000077824
1239749234951221249
1239749236255870981
1239749240580161538
1239749257252356096
1239749257982287872
1239749291654045696
1239749302328516610
1239749309345615873
1239749311073669120
1239749327507128328
1239749329046437889
1239749331915173888
1239749339888533505
1239749367449427968
1239749369508724738
1239749371505381376
1239749374520983554
1239749394410463233
1239749397958799360
1239749402421424128
1239749405512814592
1239749407639289858
1239749417416060929
1239749426173939712
1239749443819372544
1239749467919618052
1239749479533772801
1239749483883347974
1239749485548404736
1239749529450287105
1239749543631007744
1239749545107632129
1239749559112343552
1239749569354891271
1239749571821146112
1239749572441800706
1239749581535150081
1239749584944951299
1239749592037462016
1239749593870430209
1239749594579267590
1239749598236807174
1239749598446587904
1239749607476703232
1239749607850037248
1239749609053962241
1239749631816404992
1239749634437701632
1239749647544889344
1239749653085683713
1239749690305978368
1239749697188716544
1239749701580308480
1239749704113586181
1239749714695688192
1239749716465745920
1239749719204614144
1239749722912493568
1239749734954340356
1239749742525067264
1239749743250677760
1239749745523986435
1239749747130449920
1239749748187262981
1239749752595480577
1239749753597878272
1239749757775601664
1239749760111661056
1239749761248284672
1239749779372027905
1239749789014769664
1239749789106835458
1239749833545506816
1239749865682268161
1239749874280730624
1239749875853676546
1239749882270941184
1239749883998769152
1239749884430954497
1239749889954807808
1239749900058923008
1239749921248600064
1239749932027990019
1239749946816884747
1239749988646699009
1239750027943149568
1239750031378468866
1239750033559478273
1239750050051502086
1239750068581724160
1239750070842597376
1239750087258988545
1239750087682617344
1239750102983626752
1239750104489193473
1239750127277035520
1239750129428512768
1239750132381319169
1239750132888821760
1239750146134552577
1239750152283398150
1239750163993890817
1239750188144746496
1239750192276045824
1239750192607477768
1239750194612273154
1239750204321976320
1239750207413379077
1239750211544715268
1239750219249487879
1239750226505863170
1239750238509731840
1239750242133839874
1239750267144482816
1239750274723373057
1239750277546356738
1239750278976425984
1239750294621347840
1239750302854569992
1239750314867208194
1239750315760431105
1239750325969358849
1239750331434663938
1239750351848378370
1239750357586231298
1239750364355874816
1239750371993628672
1239750377609674752
1239750382441521152
1239750400368148482
1239750417799696385
1239750423155630080
1239750427035545601
1239750444043456513
1239750445553168385
1239750446627127297
1239750447662948352
1239750448220962819
1239750449097396227
1239750449265246208
1239750461072310273
1239750465346138112
1239750487085375488
1239750489052516352
1239750491116048385
1239750500482002945
1239750504068112384
1239750515971567616
1239750529984663554
1239750538226515973
1239750538645905409
1239750546803675138
1239750549706285056
1239750550796644352
1239750555418931202
1239750560427003912
1239750571193589761
1239750583361212417
1239750592135757826
1239750602009149441
1239750602818650112
1239750606295883781
1239750607545589760
1239750609370091527
1239750620241944577
1239750648809189377
1239750651703410690
1239750659437727744
1239750659978792963
1239750669990576130
1239750687103299587
1239750698117541888
1239750709463207936
1239750714206883841
1239750721920045057
1239750726672363526
1239750735778242561
1239750750873370624
1239750752265859078
1239750753947799553
1239750777507319809
1239750783836409856
1239750789515677701
1239750801435897857
1239750802492682241
1239750805865013249
1239750806594674688
1239750807324487681
1239750817059688450
1239750827083829250
1239750828254285825
1239750833664708608
1239750850353872896
1239750851490652161
1239750868125114370
1239750872369954818
1239750880104198144
1239750880578228227
1239750882553561089
1239750903470514177
1239750906976940032
1239750911070789632
1239750912710713344
1239750916192047107
1239750947883999234
1239750955673038848
1239750957166198784
1239750969694408706
1239750970331918336
1239750972248817670
1239750982441095168
1239750985259589633
1239750989202124801
1239750989667852295
1239750991827939329
1239750999461380097
1239751009984892931
1239751010526138368
1239751017010475009
1239751050476703744
1239751062325620736
1239751065324544001
1239751091694133250
1239751095683031043
1239751101550931978
1239751116696375296
1239751122899718146
1239751138171400194
1239751141832814592
1239751159914598400
1239751162838093825
1239751172300378118
1239751172396920832
1239751177396461569
1239751184568578050
1239751186653167616
1239751197415915521
1239751199508713472
1239751199668092928
1239751204646858752
1239751210988683265
1239751222820835329
1239751239551901696
1239751247139225602
1239751256052129793
1239751262830239744
1239751265547997185
1239751266391207936
1239751273508933635
1239751291615789057
1239751301073907714
1239751317033299968
1239751329741819909
1239751331750936576
1239751341838340096
1239751347370516480
1239751350830993416
1239751352408031232
1239751355847397376
1239751365275996160
1239751366341517312
1239751370904719360
1239751393671622659
1239751394409598977
1239751399757492226
1239751402550751234
1239751414353559552
1239751429801287681
1239751433794146305
1239751436231049217
1239751464202850304
1239751467533078530
1239751472285462528
1239751473942036480
1239751490916540417
1239751493458198528
1239751504317251585
1239751528463785984
1239751541881548800
1239751543693312002
1239751561494040583
1239751571019141120
1239751573393281024
1239751574450106368
1239751582155243532
1239751590623526915
1239751590967422977
1239751620587651072
1239751621212385280
1239751627197710336
1239751633334145024
1239751639998832640
1239751648051736576
1239751655425314816
1239751666976636928
1239751670088818689
1239751671296724993
1239751677541896193
1239751682340392960
1239751686958329859
1239751695954927616
1239751697699934210
1239751698794655746
1239751699646099456
1239751709867429889
1239751712719527937
1239751721615794177
1239751728498532354
1239751729496969216
1239751732558585856
1239751734458630145
1239751736400605185
1239751739806339072
1239751757485330432
1239751775290298371
1239751779111354368
1239751782793793537
1239751809641709568
1239751827643498497
1239751833238806530
1239751851454562306
1239751866868592643
1239751872505942016
1239751874414284800
1239751879371841536
1239751916097282049
1239751920367161345
1239751924053762048
1239751928596197376
1239751947546030081
1239751948284329984
1239751954152095744
1239751954890457089
1239751962746220544
1239751964834983939
1239751990609154048
1239751994740314114
1239751997533888512
1239751998439698433
1239752000163717120
1239752005989609476
1239752012620759041
1239752015665860613
1239752031474266113
1239752043415384064
1239752048360460288
1239752048469557249
1239752054823780352
1239752058418257920
1239752064000872448
1239752068006588416
1239752085509308416
1239752089489666049
1239752090664263680
1239752119919525890
1239752120242450432
1239752121529954304
1239752124977655811
1239752130405306369
1239752152496492544
1239752157039034370
1239752160532987904
1239752166346121216
1239752202790420481
1239752222994567168
1239752223317344257
1239752233194885125
1239752235845910528
1239752238727380992
1239752244003774464
1239752255357640705
1239752255533965313
1239752272000815105
1239752273053585408
1239752276039868422
1239752295451111424
1239752311297019904
1239752327176675328
1239752330876194824
1239752333996646400
1239752334252503041
1239752334890147841
1239752341718470656
1239752356738109440
1239752358801879040
1239752358868860929
1239752359867224068
1239752360181633025
1239752362652323845
1239752365248397313
1239752375427973121
1239752404783882242
1239752412749053953
1239752413638283266
1239752414074470400
1239752414548447232
1239752416284688386
1239752428049883138
1239752431732490240
1239752433426812931
1239752445443674114
1239752454016774144
1239752455614631936
1239752463764164609
1239752468474421253
1239752468671709184
1239752470441545728
1239752484756865024
1239752485478240257
1239752490549153793
1239752492734279680
1239752494969831424
1239752496895135744
1239752498065399808
1239752506068160513
1239752530344710146
1239752530378338309
1239752538137616385
1239752544374722563
1239752549093134336
1239752577593401345
1239752583742447618
1239752590914707462
1239752596879028225
1239752597247913985
1239752607784210432
1239752626318635010
1239752637530152960
1239752638914351104
1239752644798959620
1239752647650967552
1239752652470304768
1239752658564648961
1239752666005340160
1239752666797965312
1239752679896702976
1239752680404332544
1239752681599709189
1239752710028701697
1239752711240921089
1239752724310192128
1239752724561801218
1239752729981063168
1239752739283927040
1239752740898844674
1239752745156050945
1239752747064463365
1239752754488197120
1239752759647162368
1239752768228909057
1239752771198504962
1239752780161613825
1239752801527271425
1239752810406621184
1239752820989050880
1239752838470754305
1239752840093917185
1239752840320405504
1239752840828108802
1239752848495149056
1239752862055329792
1239752864446242821
1239752864681152512
1239752879315079168
1239752879822508033
1239752880665645058
1239752881856630784
1239752889221996544
1239752889838567425
1239752902828158979
1239752906011815938
1239752908276711424
1239752915872432129
1239752936177242118
1239752937536184320
1239752940945985536
1239752951356370946
1239752953700868103
1239752955529531394
1239752958901772289
1239752960923615233
1239752971803557888
1239752986332561408
1239752997527158785
1239753004372226049
1239753006557597696
1239753021573099522
1239753026669350913
1239753039461810183
1239753046118154241
1239753069258145792
1239753074022830080
1239753081773912065
1239753102804152325
1239753109456347136
1239753124254035968
1239753140142039040
1239753141538533378
1239753152905105408
1239753153181974529
1239753177626341376
1239753204415393792
1239753205074014210
1239753211667451905
1239753216323018752
1239753217304489985
1239753217455595520
1239753218739011584
1239753257175494657
1239753276612128768
1239753277358686209
1239753280508567554
1239753298439258112
1239753298443304961
1239753300695810055
1239753308769783814
1239753319368798211
1239753322468233216
1239753327417667585
1239753340663332867
1239753342940659712
1239753345037930499
1239753350284902402
1239753350637387777
1239753358816075776
1239753365724311552
1239753367301349376
1239753370761596930
1239753370899845120
1239753383663157253
1239753388138659845
1239753389472272385
1239753392634953735
1239753394794803200
1239753401300385792
1239753407398739968
1239753408652939276
1239753415732817922
1239753441196589056
1239753442224214016
1239753450407129088
1239753456824406016
1239753459722788865
1239753475195408390
1239753486687821824
1239753490458529792
1239753495563010048
1239753504014639104
1239753507374333953
1239753522264104961
1239753532808495111
1239753548876795908
1239753560960704512
1239753572893569029
1239753578971086849
1239753587867123712
1239753618368147456
1239753622935633920
1239753624978219008
1239753636680364032
1239753653889589248
1239753674022424577
1239753676731736065
1239753697275584512
1239753698890285056
1239753698919751681
1239753700496769024
1239753701235003393
1239753701910368257
1239753727210184705
1239753729374597121
1239753740141211648
1239753742024609793
1239753742708244482
1239753745107496962
1239753748735332354
1239753755903447041
1239753756004229120
1239753756360806405
1239753779270090752
1239753796177350656
1239753816616177665
1239753825822494720
1239753834056110081
1239753847838572547
1239753849474355201
1239753854390022144
1239753859712430081
1239753866490626048
1239753869506179072
1239753872790433796
1239753875655028737
1239753881602662400
1239753903773814786
1239753911839399936
1239753917749174273
1239753938464727040
1239753938582175745
1239753939999805440
1239753943283986434
1239753946693955584
1239753952138334208
1239753956957523968
1239753964704301061
1239753970316455936
1239753984555933697
1239753984887468032
1239753989551296512
1239753998174842883
1239753999252742144
1239754007922475011
1239754024791900160
1239754028080300033
1239754034766139393
1239754043582447618
1239754062813450241
1239754069390041088
1239754071671812097
1239754097491718145
1239754097588195328
1239754100750929920
1239754106211729408
1239754119910285319
1239754140357496832
1239754152546197504
1239754159298990080
1239754160649588736
1239754171173285889
1239754171961806848
1239754190236332033
1239754261975662592
1239754280380309504
1239754298101239808
1239754307496316930
1239754321492955137
1239754321681690627
1239754333706584064
1239754341910798336
1239754348709609475
1239754365306470400
1239754385695084544
1239754394490421248
1239754441034731520
1239754447032549376
1239754450605977601
1239754450950119424
1239754458868916226
1239754465424506884
1239754466200600576
1239754466825580546
1239754467219632129
1239754472550735874
1239754503450062848
1239754509372416001
1239754516225863680
1239754532466446341
1239754564338941954
1239754564686970880
1239754580654575616
1239754589899030529
1239754591761133574
1239754594965733376
1239754598203654147
1239754601974226944
1239754611143180288
1239754630495645696
1239754632177516544
1239754635188957184
1239754642642423814
1239754644823461889
1239754649999114243
1239754652717121537
1239754656877809664
1239754666055000064
1239754670324830208
1239754670999875584
1239754683851223044
1239754706022551552
1239754717648916485
1239754721033928709
1239754733016895488
1239754741854416897
1239754759436992513
1239754759730577410
1239754762070958082
1239754772703518720
1239754779326218241
1239754779724660737
1239754779930353665
1239754780416901120
1239754781037678598
1239754788457381888
1239754790114070528
1239754800637472771
1239754801308741633
1239754814281723910
1239754836804919297
1239754845642321921
1239754852223287297
1239754861991862272
1239754862033874945
1239754869323509761
1239754880119713793
1239754905910497280
1239754907734982656
1239754908695293953
1239754923417337856
1239754924084228096
1239754942925000705
1239754944732749825
1239754945861005312
1239754962696978432
1239754965238919169
1239754966899671041
1239754967407304706
1239754971094147072
1239754978685636614
1239754980615172101
1239754980656943104
1239754995781664775
1239755001225809920
1239755005751472129
1239755039671029761
1239755049640710152
1239755108339945472
1239755112245051394
1239755117492125696
1239755134873276417
1239755142066573312
1239755145233289217
1239755156906037249
1239755159191732226
1239755164824862723
1239755165885812737
1239755217689812992
1239755218104930304
1239755227638751232
1239755229190598656
1239755229664550913
1239755232667676672
1239755234630676480
1239755263428747264
1239755265064366081
1239755271175536640
1239755283968253954
1239755298329550848
1239755298811908096
1239755301764714496
1239755302313967616
1239755322824306688
1239755349386805249
1239755355762106371
1239755367556337665
1239755380785401856
1239755388335140867
1239755405582008321
1239755416071843842
1239755433004478464
1239755433759440896
1239755438620639233
1239755445830479878
1239755451912183809
1239755457364885504
1239755459080454144
1239755467649208321
1239755469406769153
1239755471432622080
1239755478516658177
1239755481196802049
1239755502474522626
1239755505238790144
1239755507188940800
1239755511303675904
1239755529305587718
1239755531583193090
1239755531839037440
1239755543075381248
1239755554727362560
1239755560507117569
1239755569134788608
1239755575845687296
1239755596204666880
1239755596473061384
1239755609156669440
1239755623086030849
1239755645932298242
1239755651724849153
1239755662923640832
1239755670863265792
1239755677905477633
1239755700655534081
1239755706921697287
1239755710864543744
1239755723594182656
1239755729487007744
1239755735572942855
1239755738764980225
1239755743005298688
1239755745513607168
1239755752190795776
1239755755655397376
1239755759556034560
1239755771166044161
1239755775863635970
1239755788588961793
1239755791202004992
1239755791650803712
1239755792938446848
1239755794373120000
1239755806695981057
1239755811154350080
1239755821300568064
1239755826278985728
1239755837763137536
1239755838887088128
1239755839818301440
1239755842062184448
1239755843354181633
1239755844151054342
1239755846424449024
1239755847024214016
1239755848181616648
1239755854511038464
1239755860894572544
1239755872181669888
1239755873821523968
1239755874068885505
1239755876350799875
1239755879617978368
1239755883372044294
1239755901541761027
1239755908646932482
1239755910580322304
1239755912920915969
1239755921271566342
1239755930041847808
1239755939043069952
1239755943832936449
1239755953366540288
1239755959552991233
1239755985952165889
1239755996517421056
1239756007745572864
1239756015748427776
1239756021276585985
1239756021280772096
1239756051815239680
1239756095133900800
1239756096526405632
1239756100011991041
1239756103463751682
1239756107460927488
1239756107498700800
1239756110158053377
1239756116311105536
1239756132358541314
1239756135026040833
1239756139182592001
1239756145478086656
1239756146849841155
1239756153128534017
1239756153296281607
1239756156865740800
1239756162523967490
1239756163710742530
1239756170627252225
1239756173374455808
1239756176063000576
1239756189208117248
1239756195415523328
1239756197793804290
1239756218371117056
1239756227296575489
1239756236704206851
1239756251346526208
1239756253049610240
1239756253624221697
1239756277086969856
1239756284993429504
1239756285479772160
1239756289661530117
1239756293029724161
1239756302571667456
1239756313325903872
1239756318791122944
1239756342346334208
1239756345865195525
1239756348180647936
1239756350596550656
1239756350806265857
1239756358725046273
1239756388898877440
1239756398633811968
1239756399317581825
1239756404082110464
1239756409367154689
1239756416203796485
1239756450089414657
1239756462253117441
1239756466438828032
1239756471820115968
1239756480217137152
1239756482410721280
1239756490451357696
1239756495945793536
1239756502002475009
1239756504217145344
1239756507585142784
1239756510575636480
1239756557002235905
1239756559812624387
1239756570143215617
1239756570482872321
1239756571963523073
1239756581815943170
1239756584579821568
1239756594054750213
1239756595413868545
1239756598668599297
1239756600312762368
1239756600488783872
1239756605211602945
1239756626195648512
1239756632269168641
1239756632785108992
1239756640469037056
1239756653638987776
1239756677794033665
1239756696894894080
1239756720181657600
1239756729644171264
1239756733364535296
1239756746509320192
1239756748564639744
1239756757448065027
1239756761558585344
1239756766067535872
1239756768709771268
1239756769858957313
1239756774124613632
1239756790113415168
1239756798770458627
1239756807033274370
1239756812414484482
1239756816193482752
1239756818680811520
1239756821469868033
1239756829745438725
1239756855217446913
1239756869591355393
1239756870866407424
1239756879066058754
1239756882069331974
1239756884703236097
1239756889841373184
1239756900255903744
1239756915477024768
1239756918136209409
1239756921000910850
1239756924108722177
1239756941397803008
1239756943243333633
1239756960376864768
1239756973190643713
1239756996045348865
1239757005017022464
1239757005729955841
1239757027498328064
1239757038248513538
1239757053717086208
1239757059349811205
1239757061967110147
1239757063720448006
1239757083983175682
1239757086487085056
1239757087812567042
1239757095215329280
1239757095391637505
1239757095576240131
1239757098432356353
1239757101381169152
1239757106409947136
1239757109111197697
1239757109429972992
1239757112512843779
1239757119450157056
1239757158394273792
1239757162789744641
1239757168729079809
1239757176320622592
1239757181328617472
1239757181588844545
1239757185590140928
1239757192921862144
1239757195115462656
1239757203034132481
1239757214308392960
1239757229659549697
1239757232734121985
1239757234281857024
1239757235988729857
1239757237939298309
1239757241126977538
1239757269459300354
1239757292729503746
1239757295912878081
1239757301889687552
1239757302770647040
1239757304615940097
1239757307803774976
1239757311054352385
1239757320638390274
1239757325122129921
1239757328892620800
1239757333644881921
1239757361113206790
1239757371741589505
1239757381187313672
1239757387650584576
1239757391547240453
1239757413047205888
1239757414745792513
1239757420110286849
1239757426649214977
1239757433511096321
1239757438951309312
1239757440683356160
1239757455556349953
1239757459062841345
1239757467652894720
1239757488905318400
1239757495729414149
1239757499210883072
1239757501542723584
1239757506521391104
1239757510392897541
1239757510535331840
1239757520777940992
1239757526054375426
1239757543699775488
1239757548582043648
1239757549739675653
1239757578755850240
1239757586523721729
1239757600666693632
1239757603795697664
1239757606408912896
1239757611995545600
1239757614029975552
1239757615305052162
1239757619880841217
1239757633428414464
1239757637891297280
1239757641015939072
1239757645843779598
1239757656027348992
1239757659626184709
1239757661941297152
1239757671995072513
1239757676147552256
1239757702957539331
1239757724289830912
1239757729146843136
1239757745139716097
1239757750965600257
1239757755419770881
1239757760989818880
1239757767591833600
1239757768480915456
1239757768581668865
1239757779503656961
1239757783794212865
1239757784549175296
1239757790786158592
1239757794523348992
1239757796205355012
1239757816576897025
1239757828992065536
1239757836797857792
1239757841012895745
1239757845513375744
1239757853096730626
1239757858624827393
1239757860382310405
1239757873418248193
1239757881248845824
1239757883052396544
1239757884973613057
1239757904057487360
1239757913842835456
1239757922529411072
1239757934546038794
1239757950186594304
1239757968486400001
1239757973918035968
1239757974064824321
1239757984097398784
1239757986849083392
1239758006889271296
1239758014258667525
1239758032176705537
1239758045904846848
1239758048219955202
1239758055450882048
1239758064619683840
1239758069376090113
1239758076237905922
1239758095292612611
1239758119166570499
1239758125353168896
1239758134970920960
1239758148157624321
1239758149990694912
1239758154511998976
1239758154533146629
1239758159431913473
1239758168441397249
1239758169666134017
1239758217175072769
1239758220891009024
1239758227014852609
1239758234644172801
1239758244656095232
1239758246287572992
1239758276562051073
1239758285349232640
1239758291221114880
1239758300947726336
1239758304546394115
1239758332354637826
1239758339107512320
1239758340928016384
1239758345541570561
1239758353422663680
1239758366702030849
1239758378534088706
1239758398125535233
1239758405440548876
1239758412696690689
1239758432296562688
1239758436583309312
1239758440416804864
1239758446196486145
1239758446666235908
1239758449032007680
1239758489758519296
1239758528174116865
1239758529264787456
1239758532838404096
1239758551649849346
1239758570809430019
1239758580196270081
1239758592024014848
1239758597061373958
1239758620788547584
1239758623993200640
1239758624525709323
1239758628447350786
1239758633715601413
1239758635443589122
1239758643907575810
1239758652241629187
1239758665151918082
1239758670830825472
1239758709112418311
1239758731543482370
1239758738082410496
1239758751302901760
1239758757795704833
1239758764426891264
1239758770256982016
1239758794952859648
1239758815597395968
1239758819904929793
1239758827282710528
1239758830067576832
1239758830944337921
1239758835637784576
1239758848686080001
1239758849248124928
1239758858882551808
1239758858911985664
1239758864423309313
1239758876209295361
1239758881468723200
1239758902821974017
1239758906571792385
1239758914045898752
1239758920954060802
1239758932899397638
1239758934564634624
1239758936238161921
1239758941510238208
1239758957293551617
1239758967359844352
1239758971650670592
1239758975517593601
1239758985659584512
1239759003938197504
1239759009420173312
1239759020090634241
1239759025048137728
1239759026268692480
1239759036297302016
1239759037362778113
1239759044753199111
1239759044878848001
1239759047038914561
1239759063942156288
1239759065258967040
1239759072678854658
1239759075287560192
1239759082761924609
1239759095055306758
1239759105880924161
1239759107613065217
1239759125178912769
1239759143503708162
1239759148939534336
1239759156984381447
1239759159458795522
1239759160771780610
1239759161069469696
1239759169093341185
1239759171379068929
1239759180782862337
1239759192157806592
1239759203662794753
1239759213221433346
1239759219009523712
1239759221496971268
1239759241939992576
1239759248986423297
1239759253524512768
1239759257081241602
1239759260759851008
1239759262915543040
1239759264249503745
1239759269194498048
1239759274412310528
1239759280254922755
1239759280452128769
1239759289926983681
1239759301981294592
1239759356016693249
1239759360722526209
1239759361339060224
1239759362769420289
1239759365810290688
1239759372852416512
1239759377323585536
1239759379437694977
1239759380125347840
1239759382729994242
1239759383736782849
1239759391433404417
1239759392368660480
1239759405270339586
1239759406562189313
1239759420906704896
1239759437696393216
1239759444478746624
1239759450421907456
1239759460048003072
1239759463571226624
1239759464124813312
1239759473197137921
1239759477806485504
1239759478406418438
1239759482088853504
1239759486106996737
1239759499692363776
1239759508261363712
1239759516566032385
1239759517207924737
1239759542105317377
1239759542625488897
1239759543971786754
1239759554633551872
1239759576838410240
1239759610929528833
1239759633620717568
1239759647764078592
1239759656244981761
1239759660464451584
1239759665841328130
1239759668194562049
1239759671138963456
1239759676390031360
1239759684632010753
1239759692655624193
1239759693658107906
1239759694065020928
1239759697126670338
1239759699207229441
1239759700201070592
1239759701954293760
1239759710460444673
1239759719130161152
1239759726403104768
1239759739346616322
1239759748968439809
1239759752734834689
1239759766630682625
1239759766794178560
1239759784603090944
1239759785517555712
1239759786675224576
1239759787367243776
1239759816777592832
1239759824918700033
1239759863544233984
1239759899216637952
1239759900772896774
1239759901028745216
1239759923027697664
1239759940916408320
1239759951339257857
1239759974143791112
1239760008419708928
1239760018116927488
1239760029420359680
1239760030657896448
1239760057761320960
1239760067290902528
1239760080997773312
1239760097066319872
1239760103240347648
1239760116691451907
1239760122806562817
1239760126392905728
1239760132759793664
1239760134852808704
1239760147108352001
1239760147544596480
1239760177970233344
1239760180553715712
1239760192755154946
1239760201231880192
1239760225772564480
1239760227978735616
1239760240750534656
1239760251274002434
1239760265501184000
1239760276603486208
1239760301408636928
1239760328591839232
1239760329728577536
1239760331422879744
1239760336636579844
1239760339253805057
1239760339710799873
1239760345876627456
1239760347466104832
1239760352377745409
1239760365728088064
1239760385185591297
1239760390139109376
1239760400784056320
1239760405095841794
1239760405867696128
1239760416944750593
1239760427178848261
1239760428768481280
1239760433080238080
1239760434418331648
1239760441112498176
1239760442534158336
1239760451442855938
1239760469344129024
1239760471424741376
1239760483537711104
1239760486683590656
1239760487488856065
1239760488470392832
1239760493121863681
1239760497588596736
1239760498574290950
1239760516622385152
1239760520254828544
1239760522263724032
1239760524797186048
1239760531747004416
1239760556338212864
1239760591427780608
1239760592988037121
1239760607437438976
1239760623082274816
1239760623623266310
1239760623665176577
1239760635828662278
1239760660025823234
1239760681978781698
1239760684444868609
1239760688979021826
1239760695144509441
1239760695727513603
1239760705940832257
1239760735925727232
1239760768226209792
1239760769836888065
1239760774740021248
1239760787780100096
1239760794671349761
1239760800912486405
1239760807690264576
1239760821313581056
1239760827953135617
1239760838715559936
1239760850153603072
1239760865252999168
1239760872114778112
1239760872446160897
1239760872450535424
1239760879274438656
1239760888443236352
1239760906029944833
1239760914967957506
1239760919506194433
1239760920844402688
1239760922643582977
1239760926091300864
1239760936958861312
1239760943871143938
1239760949080293376
1239760973684027394
1239760975315812352
1239760975995289602
1239760976683175936
1239760977689804800
1239760978465689600
1239760979300319232
1239760980168642563
1239760980793364481
1239760993640689665
1239761006621896704
1239761007641272322
1239761007653859330
1239761013429469184
1239761014133932032
1239761037265698816
1239761039325106177
1239761080391536640
1239761093611917321
1239761096476626944
1239761100624646145
1239761106006138880
1239761106396160000
1239761111433400320
1239761111827632128
1239761124469456897
1239761128437075969
1239761153019920385
1239761157910560768
1239761192488284160
1239761199039787011
1239761216928702464
1239761224167874561
1239761232623816704
1239761250893959169
1239761255226675200
1239761255558045696
1239761256288059392
1239761260620779520
1239761264815071235
1239761266580885505
1239761298318999552
1239761332129259520
1239761357496561665
1239761374097682432
1239761376962211842
1239761400022654976
1239761404246347776
1239761422650925056
1239761459015495681
1239761463264198656
1239761465449611264
1239761466057732097
1239761510097813504
1239761511461126144
1239761512539066376
1239761562488827907
1239761562736320512
1239761563197808641
1239761571166842881
1239761571884044289
1239761576044843009
1239761598048161793
1239761606030045184
1239761612279554048
1239761614678577154
1239761634119172096
1239761648770076673
1239761667350654978
1239761686740865024
1239761686862508034
1239761694768779264
1239761704424108034
1239761710338187269
1239761733759180800
1239761735294136320
1239761745528283136
1239761764243222528
1239761806165508096
1239761807092350977
1239761809441259521
1239761850843234306
1239761851086278656
1239761853279899648
1239761854089527299
1239761883944509440
1239761892664541185
1239761904484188160
1239761909806764034
1239761930379595777
1239761954987638784
1239761992879149056
1239762017814265856
1239762023090659333
1239762031529476096
1239762034469646336
1239762045567791105
1239762068313706496
1239762076798726144
1239762083945820165
1239762085271257090
1239762093085265920
1239762099099693057
1239762108255850498
1239762122113871873
1239762164828626944
1239762167747903488
1239762168473624577
1239762171568910337
1239762189843664897
1239762190149640193
1239762226317328385
1239762243870474241
1239762262916845568
1239762279337308160
1239762283112402944
1239762287029706752
1239762288405622786
1239762295452033030
1239762314661752832
1239762320546545669
1239762321792274432
1239762327349743623
1239762337864826881
1239762346139979776
1239762348786630656
1239762357473013762
1239762384937418753
1239762400938622976
1239762401345634304
1239762403530690560
1239762420735721472
1239762424787423234
1239762429141270533
1239762429279682567
1239762439031402496
1239762441157804033
1239762445591142400
1239762450582405121
1239762459302539270
1239762461223354368
1239762466814545920
1239762479636287488
1239762497592160256
1239762568811442182
1239762578844385282
1239762579691425794
1239762586939215873
1239762589959127040
1239762591620182018
1239762597081055238
1239762616878276609
1239762620711948289
1239762637338091520
1239762643524530179
1239762651565064194
1239762654593527808
1239762656237457409
1239762665724997634
1239762674344484864
1239762685589258241
1239762697505386497
1239762702739705856
1239762703083765762
1239762707798245376
1239762710851653632
1239762713976373250
1239762731319717895
1239762740505436161
1239762744137695232
1239762760453328896
1239762763964010496
1239762778178686976
1239762780028391425
1239762791550128128
1239762795610005505
1239762800014004224
1239762803935735810
1239762806456623105
1239762808197255169
1239762827486744576
1239762832394248202
1239762849343377408
1239762859359383552
1239762862236561408
1239762862366654464
1239762866456199169
1239762888535019521
1239762889218699265
1239762895052963840
1239762898290978817
1239762921154109441
1239762972303437824
1239762974128160769
1239762986245296129
1239763013856645121
1239763014414290944
1239763023826284544
1239763024023629824
1239763039722733571
1239763041069064193
1239763041727598593
1239763042142842880
1239763048858038272
1239763051601178624
1239763052045701120
1239763056130834438
1239763057351569410
1239763069808631809
1239763074254422017
1239763075663908865
1239763081477025792
1239763097478283264
1239763101408518153
1239763101441875968
1239763129896075265
1239763135885647873
1239763144181985281
1239763147008782337
1239763147667288067
1239763159403188225
1239763169561784320
1239763175005806594
1239763186686935040
1239763191640580097
1239763200670908418
1239763209957015552
1239763219717050370
1239763223366324224
1239763223999545344
1239763237911945218
1239763240176906240
1239763240369958913
1239763247437238272
1239763249467232256
1239763273991573504
1239763285034983430
1239763286880444417
1239763298662244353
1239763301774446592
1239763321903079425
1239763331147128832
1239763353867898880
1239763369244028930
1239763369651048454