1239793587589541889
1239793588554219520
1239793635488497664
1239793639066304512
1239793653402480641
1239793654408990726
1239793663783235584
1239793678178070531
1239793679583162368
1239793684507430913
1239793694162604032
1239793703952277504
1239793708641419264
1239793718221320192
1239793740958633984
1239793750597132288
1239793754271174656
1239793758884913152
1239793773057437697
1239793787662000128
1239793792041000960
1239793796713287680
1239793797019480065
1239793804078493701
1239793822478921728
1239793839495196672
1239793865244184577
1239793877437026304
1239793879378845697
1239793882453295105
1239793888275181568
1239793893157175296
1239793901868740609
1239793911515582464
1239793920197816320
1239793930486476801
1239793933040803840
1239793933460307968
1239793935024885760
1239793957187416065
1239793978842570752
1239793983779270656
1239794013470941185
1239794013890281472
1239794018839642114
1239794020978589699
1239794022224482304
1239794022593564672
1239794025231572992
1239794042986086402
1239794047201484800
1239794054398869505
1239794057276096512
1239794067342417920
1239794084501262337
1239794086141288448
1239794094853042176
1239794105095421954
1239794118685048832
1239794121943830529
1239794131150438400
1239794134971539456
1239794135017705472
1239794139450863616
1239794148380569601
1239794154248359936
1239794157297840128
1239794160154132481
1239794160967618560
1239794194455105538
1239794197856567296
1239794200746397696
1239794202952622080
1239794209386901504
1239794211248979969
1239794218941337600
1239794220275249152
1239794230379155457
1239794250054864896
1239794251497693189
1239794263660982272
1239794290907394048
1239794292907839489
1239794319935950848
1239794320787587072
1239794321269850112
1239794326219010052
1239794330853916672
1239794343285870594
1239794345831567361
1239794348151078912
1239794353259806720
1239794362093121542
1239794372855492608
1239794382057832448
1239794383186100224
1239794384192729088
1239794387174948865
1239794387413905408
1239794405621420034
1239794415436066822
1239794422499414016
1239794436919431170
1239794438559248389
1239794439205208064
1239794446948020226
1239794473179197445
1239794485959086080
1239794487565717504
1239794512555159558
1239794529122660352
1239794531165298688
1239794548248731648
1239794553445638151
1239794553944551435
1239794558692724736
1239794575939641350
1239794604775477249
1239794613549805568
1239794614841868288
1239794623079272448
1239794631824543744
1239794633879588864
1239794672840527872
1239794677592870912
1239794707674390528
1239794717174509568
1239794734727598080
1239794746085666816
1239794797835104256
1239794799735119873
1239794846740733952
1239794857595584514
1239794863987511296
1239794864361033730
1239794877203972097
1239794879296950272
1239794889627443200
1239794896417878017
1239794908262731777
1239794912830189568
1239794936519720960
1239794949580873728
1239794986813739008
1239794987098750978
1239794994627502082
1239794994816249856
1239795020569477120
1239795023371063296
1239795031470493696
1239795032057614339
1239795032225271809
1239795032330305536
1239795039712223232
1239795051259199488
1239795066433986560
1239795071374917633
1239795076328558592
1239795081986617350
1239795087254618112
1239795089423163393
1239795090090057734
1239795093705347073
1239795099233423360
1239795106405810178
1239795108267970560
1239795110335766528
1239795113628442627
1239795126739832833
1239795155600838656
1239795158897418240
1239795170075217923
1239795196574879745
1239795198265155587
1239795199716573184
1239795220155228161
1239795220436246529
1239795247405662208
1239795265181298689
1239795302506389506
1239795353899151360
1239795355828596739
1239795356428271617
1239795357682241539
1239795360203247617
1239795364204437504
1239795364707868675
1239795370441482240
1239795392411303936
1239795398127931394
1239795405564633089
1239795411646210048
1239795420739624961
1239795426288472065
1239795469166891009
1239795470895140864
1239795471163392000
1239795492835536896
1239795502348005376
1239795509155397634
1239795516659163137
1239795517095202816
1239795519284633600
1239795523919413249
1239795534136664064
1239795534631710720
1239795552398856194
1239795575387815937
1239795587572207616
1239795605376872448
1239795616575893505
1239795647487729666
1239795648393703424
1239795652021891073
1239795657583529990
1239795673358204929
1239795678152478720
1239795684624261120
1239795688214614016
1239795691406258176
1239795720087101440
1239795737384423425
1239795749073928192
1239795772029190144
1239795775636246528
1239795795072819200
1239795801540292609
1239795810314776578
1239795816962723840
1239795820129669120
1239795826882478083
1239795842313269248
1239795853054717953
1239795853596004352
1239795857605545985
1239795857702215681
1239795874978361344
1239795886542053377
1239795905437536256
1239795920750837761
1239795921874903042
1239795926312472576
1239795977571012614
1239795989428473857
1239795998882271232
1239796006230716416
1239796006503538690
1239796017530376192
1239796021032628224
1239796032843599873
1239796034508857345
1239796036249571329
1239796059276079109
1239796063856234496
1239796064850411521
1239796066184318976
1239796078024802304
1239796086887157761
1239796088758054913
1239796090087641088
1239796090678829056
1239796094114004992
1239796094369959937
1239796100568997889
1239796124879212544
1239796130566701056
1239796133557346304
1239796136140918784
1239796136396779521
1239796149495750656
1239796163638771712
1239796169628246020
1239796170550939649
1239796176188329990
1239796178348199936
1239796208534728704
1239796243423002624
1239796248770641921
1239796297982455808
1239796313891299333
1239796335315951616
1239796348364288006
1239796366479687680
1239796370573119488
1239796395772538881
1239796399249620992
1239796405348302848
1239796410939248646
1239796425732624384
1239796433047306241
1239796435111104513
1239796436100886530
1239796445542338562
1239796468023779330
1239796485195042816
1239796516895592449
1239796518275747842
1239796519143956480
1239796521517924352
1239796522818179072
1239796523275177987
1239796525288603649
1239796543684636672
1239796570301714433
1239796575196545024
1239796580657426434
1239796594368643078
1239796599821225984
1239796604854398976
1239796607807369216
1239796616355139585
1239796616984440832
1239796617324216320
1239796629076467713
1239796635225354240
1239796637972574208
1239796639981883400
1239796642783490048
1239796646344458245
1239796682822467584
1239796685447946240
1239796703668002816
1239796706062950401
1239796709946986496
1239796713734287360
1239796725369495553
1239796751156105217
1239796760068812801
1239796773578661888
1239796774098710528
1239796781455749120
1239796784349818881
1239796795099746306
1239796795917496320
1239796820680642562
1239796823654633472
1239796829065064448
1239796830076129280
1239796842264576000
1239796849180991494
1239796856353415170
1239796875110363136
1239796876607619073
1239796887940669440
1239796898627633152
1239796904474468352
1239796929124618241
1239796938222055424
1239796970551537664
1239796973277872129
1239796993133699074
1239797001350524929
1239797025501089800
1239797032434274305
1239797037807194112
1239797047663800320
1239797049119232007
1239797049828052994
1239797058304741377
1239797059848409088
1239797060884287488
1239797080370995200
1239797086050234371
1239797103746048005
1239797115523493888
1239797119566974976
1239797122138017792
1239797122985340928
1239797128936837120
1239797137484832768
1239797144338468864
1239797147819626496
1239797151179386885
1239797158850617344
1239797166723325952
1239797184838565889
1239797185593479169
1239797196599349249
1239797200978243584
1239797202400227328
1239797216904085504
1239797220544851968
1239797230535503874
1239797247098916865
1239797247367204865
1239797247698563072
1239797251297378304
1239797274009616384
1239797291436949505
1239797302786736133
1239797304711737344
1239797317277974528
1239797320524259330
1239797322629795841
1239797324483899393
1239797332398522368
1239797347284135938
1239797362610122753
1239797365340585985
1239797369970896896
1239797382528864257
1239797383023611905
1239797386798436352
1239797394549719041
1239797412602040321
1239797415680475136
1239797432797614080
1239797444629508097
1239797446080958465
1239797482445471754
1239797529858002945
1239797534127788034
1239797537361534976
1239797538754048005
1239797553941676032
1239797555715870722
1239797564716855296
1239797565580701697
1239797593078628358
1239797593120690177
1239797595863728129
1239797598493573127
1239797614117359616
1239797615337693184
1239797626830065666
1239797626876219392
1239797645381640193
1239797660384550912
1239797667007475712
1239797685894418432
1239797737417093121
1239797740772548609
1239797745675718656
1239797755226107904
1239797772129271808
1239797779347550210
1239797781440745474
1239797786083643393
1239797803913588738
1239797821454327808
1239797825342324737
1239797834821644293
1239797838642442240
1239797840555188226
1239797840689295360
1239797841075331075
1239797872842817536
1239797880845733888
1239797886780465152
1239797896498667520
1239797910281302022
1239797912348946432
1239797926550884353
1239797938827612162
1239797939318317056
1239797949099462657
1239797963569991686
1239797964828221440
1239797965570662401
1239797985485062144
1239797991105368064
1239798014241275904
1239798036110303237
1239798038597681152
1239798050211508224
1239798085745860608
1239798088283222027
1239798088849473536
1239798093857599489
1239798112593551362
1239798119295926272
1239798123439869957
1239798158928023552
1239798186350387201
1239798197532360704
1239798199834959872
1239798216658477056
1239798236434464769
1239798249910710272
1239798250237911041
1239798253899542529
1239798266591449088
1239798270408282112
1239798283796484104
1239798309893660674
1239798311743356928
1239798317581664258
1239798330290393090
1239798332484026369
1239798350288957440
1239798352482455554
1239798352889274368
1239798356932608001
1239798359302361090
1239798370337726464
1239798373617565698
1239798396845686789
1239798398288637952
1239798398456188928
1239798416177115136
1239798417611776000
1239798426541289473
1239798430903554048
1239798435815006208
1239798443545186304
1239798450641711104
1239798476982177793
1239798487299977216
1239798496099627009
1239798500801609730
1239798511106842624
1239798511970988032
1239798515406004225
1239798534003544064
1239798535865819137
1239798548436094976
1239798566794608640
1239798569806098432
1239798570280087552
1239798572952047616
1239798584272457729
1239798585191006208
1239798591100616704
1239798597706592257
1239798609324933120
1239798615456931845
1239798617583398921
1239798620926480384
1239798621014577152
1239798633396154368
1239798637720371201
1239798688391860225
1239798700983177216
1239798727927164930
1239798737037398016
1239798765315391488
1239798777310875651
1239798785837895682
1239798797330333696
1239798813747019776
1239798815755866112
1239798824744423428
1239798828145864709
1239798845049049091
1239798857724317697
1239798865399894018
1239798869984260098
1239798870781108225
1239798876581679104
1239798886601863168
1239798888216670209
1239798896848707584
1239798905182679042
1239798929610305537
1239798930155565057
1239798932747825153
1239798935339675649
1239798949587771392
1239798967686365184
1239798968399228929
1239798972149108736
1239798991136710656
1239798991836995591
1239799005615239168
1239799015623008257
1239799038519554048
1239799039274647552
1239799040289587201
1239799045670895616
1239799051740045312
1239799052109111297
1239799059533176833
1239799067624038401
1239799074515079169
1239799091732705281
1239799098657484801
1239799104655495169
1239799130333069312
1239799141443596288
1239799146585960448
1239799160393682945
1239799162734088192
1239799164835450880
1239799165519106050
1239799198599376898
1239799201610887168
1239799208527331328
1239799226202083328
1239799227687022594
1239799230052446208
1239799246951305216
1239799248511578112
1239799253796446213
1239799254886932486
1239799258858938369
1239799282422689793
1239799308205129728
1239799310583246848
1239799319462473729
1239799319848517632
1239799332838105088
1239799337057689601
1239799344062062595
1239799346029154305
1239799365490917376
1239799405533892608
1239799409082318848
1239799412706156545
1239799418892587009
1239799445916717056
1239799448278048769
1239799449259393024
1239799480406249472
1239799485250670596
1239799505630957568
1239799525608488965
1239799528359972864
1239799538245746688
1239799540082868225
1239799574765514754
1239799580666908672
1239799588946468866
1239799615597080578
1239799617472135170
1239799618847887360
1239799633745977345
1239799639081091072
1239799645628481536
1239799649772490752
1239799651810684929
1239799655787114497
1239799676469198848
1239799678641868800
1239799681804382208
1239799685394522112
1239799687332290560
1239799711277543425
1239799739878477824
1239799752004427779
1239799756655702017
1239799785739206662
1239799818827878400
1239799822581927937
1239799823286427649
1239799833411702785
1239799849966612482
1239799854609469440
1239799858963324928
1239799901602697216
1239799914499989504
1239799946917756929
1239799960142516224
1239799964659666944
1239799969118371846
1239799974860333056
1239799980279451650
1239799980933685248
1239799982171045888
1239799986398822401
1239800004392505345
1239800011988152320
1239800024176955392
1239800034406752262
1239800038399684610
1239800062256922624
1239800079977811969
1239800092380377089
1239800105550508033
1239800105567277057
1239800115952484352
1239800136898920448
1239800141747372033
1239800147451789313
1239800154141511680
1239800165667491840
1239800178783055874
1239800185628344321
1239800187851165697
1239800201461800960
1239800205609820165
1239800206566227973
1239800214946529281
1239800234789617665
1239800261314514945
1239800267387867297
1239800276048994304
1239800280939716608
1239800292088176640
1239800307992932352
1239800325135007749
1239800328574435328
1239800331309113344
1239800344416333824
1239800363458244609
1239800379673432065
1239800384979267586
1239800400141680641
1239800402272346112
1239800411264929792
1239800412670251008
1239800431976611840
1239800442332176384
1239800442621554688
1239800445478076416
1239800449492045824
1239800470387875840
1239800507868139520
1239800510787567616
1239800518995857409
1239800526901936128
1239800568601882624
1239800595533508614
1239800600495304705
1239800604341317637
1239800605272653824
1239800617037676544
1239800655125962754
1239800659391676416
1239800684704342016
1239800698398597121
1239800715804991488
1239800730728501248
1239800732028530688
1239800735820156928
1239800749003100160
1239800756770832385
1239800769152528384
1239800775481704448
1239800777461260288
1239800802987741185
1239800805575671810
1239800837246980096
1239800841881575428
1239800853394907136
1239800857610379265
1239800857798950913
1239800871120179201
1239800880536436737
1239800883749085184
1239800886890647553
1239800898039078912
1239800917513256960
1239800933728559104
1239800946194108416
1239800960756539392
1239800971447984128
1239801004033478658
1239801012124336128
1239801019476951041
1239801043254267904
1239801046844583938
1239801047301980165
1239801060967034880
1239801069300903936
1239801079237185537
1239801090884788224
1239801092294107136
1239801111474655233
1239801119271825408
1239801136539938816
1239801137567543298
1239801137613524992
1239801137643098116
1239801137970151425
1239801146690199557
1239801147923152896
1239801150544674818
1239801154726514688
1239801157863776256
1239801162922184704
1239801172887650304
1239801173143515137
1239801173894463489
1239801177501507584
1239801183444725762
1239801189421596672
1239801194236784642
1239801195528622080
1239801208207839233
1239801215673716739
1239801223559208961
1239801272477331457
1239801281897566210
1239801297286676485
1239801300189093888
1239801302160416769
1239801309001367558
1239801317494685696
1239801336037888000
1239801350864715778
1239801358603046913
1239801368724025345
1239801370451955713
1239801372821913601
1239801373132115968
1239801382661754880
1239801389133389825
1239801404098629633
1239801410071539713
1239801411883413504
1239801419663728642
1239801424382283776
1239801425590276097
1239801436147339264
1239801448054964225
1239801450529607681
1239801452152811520
1239801452526071808
1239801486273474560
1239801491835084800
1239801493768695809
1239801512919998465
1239801522671644672
1239801536550703105
1239801538681294854
1239801569035448321
1239801599914057733
1239801625247502337
1239801636320497665
1239801640603078657
1239801643396284417
1239801676732784642
1239801702557114368
1239801712891711489
1239801715534131201
1239801716662550528
1239801724061331461
1239801730549911552
1239801737885683713
1239801743476654081
1239801749017448448
1239801752519462914
1239801773801402373
1239801780088668160
1239801782454439941
1239801783628808193
1239801805053231106
1239801824229588994
1239801857184161795
1239801857456967686
1239801864780038148
1239801870673117184
1239801873399513088
1239801884891906053
1239801894387802112
1239801898506563584
1239801910024159232
1239801913815617538
1239801914780311558
1239801929615589376
1239801936716668930
1239801944006201344
1239801951921098752
1239801961769242625
1239801968165441536
1239801976625541124
1239801983046832128
1239801991334944768
1239802019486904320
1239802021877710848
1239802039892246528
1239802054236950528
1239802061606141957
1239802078723108864
1239802081684402176
1239802095894593537
1239802103205330946
1239802103629074432
1239802105512128513
1239802126143852544
1239802129365323776
1239802132829589504
1239802137598541825
1239802145605660674
1239802173791363072
1239802177184509952
1239802179763834881
1239802190962790400
1239802193982742528
1239802206804738049
1239802208973193217
1239802232939458560
1239802242095616002
1239802261070467074
1239802261141721090
1239802266678259713
1239802319010758656
1239802338883354624
1239802344931495937
1239802373163438080
1239802379114917889
1239802396722651136
1239802397381312512
1239802405920870400
1239802406071726080
1239802410442383364
1239802415622356992
1239802423826419713
1239802429652131841
1239802432084942848
1239802436149284864
1239802446962143232
1239802477165207553
1239802479296069633
1239802511554498560
1239802530625916930
1239802537160503296
1239802538263605250
1239802571994230785
1239802582643720192
1239802582664499200
1239802612737769472
1239802628860792832
1239802658451386368
1239802659336404993
1239802674737844224
1239802675232989185
1239802677682290689
1239802682761609216
1239802690302955521
1239802703490023424
1239802705931100160
1239802710100070402
1239802718706741251
1239802726189371392
1239802735547080705
1239802752928075781
1239802754194796544
1239802757915324418
1239802777494261760
1239802779553554432
1239802832607272960
1239802833307910144
1239802849590034432
1239802851863322624
1239802857479483393
1239802877519876097
1239802901914157058
1239802903788802049
1239802904560582656
1239802909359038464
1239802921375510528
1239802922168471552
1239802938668781569
1239802943068569600
1239802953470341121
1239802961536200704
1239802979466665985
1239802996902379520
1239803003399438337
1239803011364503553
1239803018842906630
1239803041420726272
1239803042540793858
1239803056411287554
1239803057132589057
1239803067647885357
1239803069178789890
1239803100053090304
1239803116872257536
1239803124098822144
1239803155895877634
1239803174132707334
1239803200183697419
1239803204579274758
1239803226624413697
1239803228348223489
1239803230999261190
1239803235499679745
1239803238964215809
1239803244429357058
1239803255288254464
1239803257674805248
1239803273172795392
1239803284862492672
1239803288511537152
1239803338956443648
1239803353665699843
1239803368899395585
1239803386708426752
1239803387148824577
1239803387610308609
1239803390605037569
1239803391305383936
1239803428873932800
1239803433739153408
1239803445479010305
1239803450860261376
1239803455889264645
1239803474101108736
1239803482242080770
1239803486293778433
1239803489687162880
1239803493478797312
1239803499770187777
1239803501422825472
1239803516018995201
1239803524646678528
1239803531214745601
1239803531374268417
1239803541415493632
1239803544288423936
1239803554854064129
1239803559807307776
1239803589830328327
1239803596977266688
1239803599858909185
1239803602803347456
1239803607140139010
1239803617168642049
1239803621702799361
1239803621950271488
1239803622403256323
1239803627591491584
1239803644721221633
1239803653969653763
1239803658377637888
1239803660118495234
1239803675951992832
1239803696680030208
1239803700903903233
1239803716963684352
1239803734923907073
1239803737096388609
1239803740619587585
1239803745711472642
1239803775180664833
1239803779874205696
1239803781367435264
1239803792830447616
1239803803806961664
1239803808252710912
1239803830088249345
1239803832428900353
1239803850032181248
1239803860434247682
1239803865198931970
1239803867778420738
1239803878880600064
1239803891501408256
1239803901664092160
1239803924019736578
1239803927505313797
1239803929208090624
1239803936225165313
1239803953090629632
1239803956928434176
1239803958681452544
1239803972292096000
1239803975647428608
1239803976352034816
1239804006802903040
1239804023378546688
1239804027887472641
1239804033256341504
1239804041124884480
1239804065590079489
1239804082384068608
1239804082883346433
1239804091468935168
1239804110242807808
1239804127452028930
1239804132728414208
1239804143163891712
1239804148331220992
1239804153058095104
1239804155453194240
1239804168795303936
1239804186797043712
1239804189561118721
1239804202462990336
1239804227708424192
1239804247480270848
1239804247711064066
1239804256246513664
1239804263045279747
1239804284436242433
1239804289800953857
1239804298692722688
1239804300332691457
1239804308016762880
1239804345253859329
1239804363801006081
1239804376434102272
1239804389839310848
1239804393706278919
1239804393974714369
1239804399632908288
1239804400354430981
1239804407207940098
1239804409510535168
1239804419836952576
1239804424706351104
1239804435011960832
1239804442519601154
1239804460722876417
1239804466498420737
1239804466532175873
1239804469531029504
1239804486824034305
1239804489193971713
1239804492620746752
1239804497322553344
1239804536044294144
1239804545934299137
1239804547251474432
1239804551789772800
1239804559255453696
1239804561512112128
1239804561918853120
1239804565588860931
1239804583146180614
1239804584979312640
1239804588028571653
1239804591962828802
1239804594852712448
1239804599717875712
1239804605958991873
1239804610497269763
1239804614708322304
1239804615367024641
1239804621612183552
1239804635973468166
1239804651886632960
1239804665178423296
1239804683943677952
1239804694731653125
1239804696912527360
1239804716294369281
1239804717145956353
1239804732979294208
1239804745600008192
1239804758916886530
1239804761446051840
1239804767624474624
1239804771185250304
1239804780358373377
1239804796581879809
1239804797441544192
1239804830216073217
1239804831801331713
1239804835320320002
1239804836650024960
1239804841494364161
1239804845831249920
1239804872867774464
1239804891561889792
1239804897832263681
1239804905340063745
1239804925648879616
1239804936596213760
1239804938537975808
1239804966765645825
1239804995329036288
1239804998042566662
1239804999900618752
1239805015444815879
1239805028816187393
1239805072126738433
1239805074110656512
1239805085745647616
1239805088027168770
1239805092360081409
1239805093693751297
1239805094859767810
1239805101386194944
1239805116322058240
1239805138044243970
1239805139684167680
1239805146768556032
1239805158432751616
1239805167534583813
1239805174811672576
1239805178091470848
1239805178519392257
1239805194084343809
1239805194721992705
1239805200686350336
1239805209632600064
1239805224337854465
1239805242818076677
1239805253178056705
1239805261168226304
1239805270219423744
1239805275982438401
1239805283234222080
1239805284328988672
1239805286153478144
1239805308437815298
1239805317199753216
1239805329178873856
1239805329526804480
1239805339710734336
1239805372422127622
1239805372753301504
1239805388784128001
1239805400045760512
1239805401014534146
1239805416994942977
1239805432757182464
1239805496405655552
1239805509122895873
1239805522422812673
1239805531407048705
1239805535223873536
1239805572964212737
1239805578135900160
1239805579050119168
1239805581948416001
1239805583504445440
1239805585064734720
1239805585391943680
1239805586914439168
1239805595164626945
1239805599174529030
1239805600260714497
1239805604488757249
1239805614437666817
1239805630786842624
1239805644024057861
1239805655097257985
1239805657571713025
1239805673455661056
1239805701699981312
1239805718611386368
1239805718787694592
1239805753004683272
1239805764396560384
1239805803390885889
1239805810059993088
1239805822953111563
1239805832507736068
1239805855048052738
1239805903701852160
1239805904297623552
1239805913898332161
1239805931430408195
1239805944751587328
1239805952590831617
1239805964410216448
1239805993850036224
1239805996148707330
1239806026259587073
1239806026318258177
1239806041467936768
1239806043418435585
1239806065346252806
1239806077203447808
1239806083281170432
1239806090230956032
1239806100322443269
1239806101115359235
1239806105120899072
1239806110804082688
1239806123848286211
1239806124485984256
1239806129980440576
1239806130223812611
1239806136070504450
1239806147198099456
1239806152201908224
1239806166995046406
1239806170568810498
1239806180471517184
1239806195046760448
1239806221563150337
1239806241616076801
1239806262075961345
1239806279867977730
1239806285287170049
1239806306275356672
1239806308594958336
1239806318321512448
1239806319118430209
1239806327909683200
1239806329469853696
1239806377528160256
1239806380980273153
1239806383626653697
1239806386554322945
1239806387275825152
1239806399024181254
1239806403289718784
1239806433740443648
1239806436877537282
1239806440958603265
1239806447317184512
1239806465860198400
1239806475066699777
1239806481597206529
1239806499322396672
1239806505119092736
1239806507946070017
1239806513746604032
1239806533375938560
1239806559208632320
1239806578888282113
1239806581312798720
1239806588992360448
1239806593954267136
1239806600250097666
1239806604163284992
1239806619480985601
1239806631283572738
1239806669787475968
1239806670743539713
1239806670982639617
1239806672169603072
1239806688741306368
1239806692096905217
1239806701424893953
1239806702255398912
1239806728016932864
1239806770060693505
1239806795830435841
1239806814096515074
1239806823328186368
1239806830030790656
1239806848296816646
1239806849982976000
1239806850633281541
1239806852180750336
1239806854483460096
1239806866579787776
1239806867502542849
1239806882820141056
1239806888847511552
1239806933223329797
1239806939326005248
1239806940265492480
1239806941410373633
1239806944249929729
1239806946661683200
1239806947525722113
1239806949614587910
1239806953653768193
1239806997379395586
1239806998658441219
1239807006611038208
1239807048604241921
1239807057731166210
1239807059719155712
1239807061505892352
1239807073917054981
1239807074030272512
1239807077553278976
1239807085409427456
1239807088160837632
1239807093374255106
1239807105613336576
1239807109572833280
1239807113393631232
1239807115360980993
1239807130653331456
1239807137167167488
1239807152455180288
1239807170016956416
1239807170218209280
1239807215667531776
1239807225977344000
1239807234449633280
1239807236869783553
1239807239243706368
1239807251394621440
1239807254976585729
1239807275943874566
1239807279718969349
1239807286190542851
1239807291060178944
1239807307833159680
1239807342201487363
1239807385188749313
1239807391459233793
1239807421683503104
1239807424627765248
1239807460640272385
1239807501261996032
1239807507184472064
1239807508061081607
1239807513760940032
1239807528617287681
1239807546250027008
1239807548842217472
1239807554953379841
1239807557964836864
1239807578915262465
1239807604647321601
1239807637975371776
1239807648146624512
1239807664089116672
1239807673719238657
1239807674189000704
1239807676256669696
1239807683953393665
1239807687262535680
1239807693126131718
1239807695902908421
1239807697551110145
1239807724952715264
1239807736902078465
1239807737812283394
1239807750105739264
1239807750885920768
1239807762562859009
1239807765394026497
1239807778136489984
1239807781840080898
1239807790413230080
1239807792107728896
1239807792724217856
1239807795089649665
1239807801251131394
1239807802903867394
1239807804887662593
1239807807668367360
1239807813578301441
1239807815314792448
1239807819555078145
1239807822528950272
1239807835984273408
1239807872323780608
1239807901839118337
1239807903915270144
1239807921078370310
1239807927390797825
1239807931299717121
1239807945669365760
1239807992784203776
1239807999008440321
1239808013038428160
1239808016502927360
1239808032483102721
1239808044307005440
1239808046592712704
1239808057397448705
1239808068852031488
1239808069636444160
1239808102351978496
1239808120307712000
1239808142445170689
1239808144244604928
1239808165778280449
1239808168558907394
1239808187668160522
1239808191044648960
1239808191069704194
1239808192995090432
1239808196828594177
1239808204621709312
1239808213479903232
1239808227807621122
1239808231985348608
1239808246799568897
1239808249018249217
1239808254865281024
1239808255012024320
1239808257734082562
1239808260900900866
1239808293578522627
1239808297231953921
1239808324196950016
1239808327196053504
1239808344778571776
1239808353578053633
1239808365259186176
1239808369092734976
1239808370489667584
1239808391335288832
1239808400650899457
1239808416102539264
1239808416295649281
1239808417402847237
1239808420179521541
1239808425476972544
1239808430409494528
1239808438760116224
1239808444036558849
1239808503436455941
1239808512575909888
1239808518888263681
1239808524248481792
1239808525091721217
1239808558998446080
1239808564908220417
1239808578346725376
1239808579701329922
1239808586714214400
1239808595874598914
1239808596721823744
1239808610953089024
1239808621942169602
1239808633623330817
1239808641949204481
1239808657908367365
1239808658470469632
1239808664241872896
1239808674593472512
1239808679383269376