1239884184677736448
1239884185302597633
1239884186149744640
1239884186363838464
1239884186540027906
1239884186699300867
1239884186904756224
1239884187009605632
1239884187399847938
1239884187907342338
1239884188502941703
1239884188586655745
1239884188603559936
1239884189425516544
1239884190939660294
1239884191518638080
1239884202637692929
1239884204353236993
1239884205808422912
1239884207402467329
1239884214855593985
1239884219519766528
1239884225668616192
1239884235751796737
1239884237941215234
1239884245369225216
1239884245868384259
1239884247667802117
1239884249668497408
1239884250809282561
1239884253472661504
1239884257956376576
1239884261093670912
1239884263383871489
1239884263610372099
1239884267628478466
1239884270379978754
1239884272686616585
1239884276059045889
1239884276822310912
1239884278655324162
1239884281285140482
1239884281780097027
1239884281922703361
1239884296069894149
1239884298758619136
1239884301656674304
1239884310003486720
1239884310045495296
1239884310108397568
1239884314600525825
1239884316953452544
1239884317146271745
1239884319629459457
1239884319629459458
1239884320002781186
1239884322238316544
1239884323827974144
1239884327204335618
1239884327988707329
1239884329641181184
1239884329804877824
1239884331247534080
1239884336054190080
1239884336620605441
1239884339959066624
1239884340521316352
1239884340831621120
1239884344413413377
1239884347471265793
1239884348721180674
1239884349786525697
1239884350713475073
1239884351740862464
1239884355452964864
1239884356618989579
1239884358619738122
1239884360918142977
1239884365993254913
1239884368379662337
1239884370049224705
1239884374209974272
1239884378408435713
1239884378425065473
1239884379666763776
1239884386113380359
1239884390630592513
1239884392677376002
1239884393411424256
1239884393734438913
1239884394216775686
1239884394950799363
1239884398519959552
1239884399786762240
1239884403163246593
1239884403704311811
1239884404161421314
1239884405218271233
1239884408598827008
1239884411551834117
1239884421567782912
1239884436730187777
1239884443252396034
1239884446326837248
1239884452639145984
1239884453335519232
1239884453415194626
1239884456367812609
1239884464848658433
1239884468044861447
1239884468548177920
1239884473216438272
1239884478195081216
1239884487267422209
1239884490333229059
1239884493483360256
1239884496004091904
1239884496490639361
1239884499472834561
1239884499816775680
1239884504073977856
1239884504216584197
1239884510902312960
1239884513372778498
1239884518321881090
1239884520771518464
1239884527423586310
1239884534717521920
1239884536181174272
1239884539725578241
1239884553814228993
1239884555986894848
1239884556074995717
1239884559283453952
1239884560206364674
1239884561632432129
1239884565008744450
1239884570243317761
1239884573133029377
1239884574433234945
1239884577461669888
1239884582016684034
1239884592091484160
1239884594813468674
1239884596465897473
1239884599955804160
1239884600152707074
1239884602761793537
1239884610013560837
1239884614749106182
1239884616904966144
1239884619325100032
1239884619446697984
1239884621074108416
1239884624894935040
1239884628191621120
1239884628347039744
1239884630771326977
1239884644889305088
1239884648349675521
1239884656654397440
1239884660110266368
1239884663960875008
1239884670961168384
1239884675964944386
1239884677466460160
1239884680750608384
1239884687906144257
1239884688375689217
1239884690582122499
1239884699008249858
1239884700510040066
1239884705308311554
1239884709846560768
1239884712090439681
1239884712220307457
1239884725118009347
1239884729312317440
1239884737419886592
1239884738225221634
1239884742746607617
1239884744927645696
1239884746064302081
1239884750443159552
1239884753941168129
1239884759586820097
1239884760660443139
1239884762157907969
1239884769342750724
1239884773394452480
1239884780822560768
1239884785180426242
1239884785822183424
1239884790440103943
1239884796601356288
1239884799315267585
1239884799344599041
1239884804855914497
1239884812120358912
1239884822744612864
1239884824837525509
1239884829895921665
1239884832982937600
1239884833901424640
1239884834186702848
1239884836741005315
1239884837143666689
1239884838603120641
1239884839630721024
1239884841409220608
1239884844563390465
1239884848938057728
1239884850489962498
1239884857716518914
1239884875651592192
1239884878373502976
1239884878495264777
1239884878897799168
1239884879556423680
1239884880454004736
1239884883851444225
1239884884413501442
1239884887848415234
1239884895746265089
1239884899382734848
1239884899533721601
1239884903870676993
1239884904416129027
1239884904722292736
1239884912947343361
1239884916642504706
1239884919570149381
1239884921327497219
1239884952499564544
1239884953338417153
1239884960577785859
1239884961785819136
1239884962154909696
1239884963626905600
1239884963992031233
1239884976641855488
1239884978319753218
1239884980072992768
1239884981645778945
1239884981704376322
1239884989493370887
1239885003703693317
1239885004001476609
1239885004563513345
1239885004936708097
1239885011152707585
1239885011609956353
1239885014835310593
1239885016349282304
1239885024188444672
1239885025631326208
1239885032690339842
1239885036796723200
1239885045722210304
1239885055385915392
1239885057742913536
1239885067687731201
1239885073975033856
1239885078811029504
1239885080169938944
1239885084397907969
1239885084645298176
1239885096099950597
1239885100143095808
1239885106447351808
1239885128870121472
1239885135908163584
1239885139682918400
1239885141146849281
1239885143864741893
1239885149606576128
1239885153113190400
1239885159912087553
1239885167432523778
1239885171714748417
1239885172109119494
1239885179692503041
1239885180950712321
1239885199321645059
1239885203864260609
1239885209291677697
1239885223380189193
1239885225703981056
1239885226110791680
1239885226903572481
1239885227171840001
1239885228673556480
1239885234151153664
1239885234528714752
1239885244465111040
1239885245710827520
1239885250731413504
1239885258679635968
1239885262966095872
1239885272378150914
1239885276597694464
1239885276614361089
1239885277319086080
1239885282910011393
1239885301264388096
1239885307308388354
1239885307962634243
1239885318981062658
1239885321283788801
1239885325406797825
1239885326568611845
1239885334877536256
1239885343211565056
1239885343324848129
1239885344671031297
1239885359393255424
1239885360995467264
1239885362790572033
1239885363528646658
1239885365617537028
1239885368578760709
1239885374026964992
1239885374710824962
1239885378854825992
1239885380653989888
1239885383069921287
1239885387146952707
1239885387348291584
1239885391739662342
1239885400686178305
1239885404930584577
1239885405396316160
1239885407296393216
1239885408873447430
1239885409770856450
1239885410907631616
1239885414300889088
1239885416674873347
1239885417643683841
1239885419887689729
1239885421427019776
1239885423608057858
1239885426921484288
1239885434924269568
1239885440100052993
1239885454503292930
1239885457091112963
1239885458429087744
1239885459389435910
1239885460077514752
1239885461142802433
1239885464208912384
1239885465425231873
1239885466251464704
1239885467618668549
1239885467958611968
1239885475801960449
1239885478880395264
1239885481464266754
1239885481887895554
1239885487654854657
1239885495364202497
1239885499407446018
1239885499415834624
1239885502507094017
1239885514112630784
1239885516482457601
1239885525579898886
1239885525672222720
1239885533548965888
1239885534522044416
1239885538645233670
1239885548183064577
1239885548648419332
1239885556466753536
1239885559687979008
1239885560216465409
1239885570794536960
1239885575299178496
1239885577253601280
1239885577442471936
1239885581129101312
1239885585369587713
1239885586095378432
1239885593636745218
1239885596157452294
1239885597176745984
1239885599030591489
1239885601219858432
1239885601370931201
1239885607402422274
1239885611361804294
1239885623021928449
1239885639891537920
1239885646539493381
1239885647873224706
1239885651845275654
1239885670220529664
1239885670341988352
1239885676780412929
1239885691443646464
1239885691645038592
1239885693998059522
1239885694925000705
1239885696938188800
1239885697412038656
1239885703816736769
1239885707080073216
1239885712486543362
1239885712629039106
1239885713933586432
1239885714822594562
1239885727942479873
1239885733734879232
1239885738667319297
1239885744774275073
1239885746141425664
1239885747571716096
1239885747659902979
1239885750256140292
1239885772729147393
1239885779964493831
1239885785668542465
1239885807676264448
1239885825598513152
1239885829440278528
1239885832921767937
1239885836876988418
1239885840446377984
1239885844074332161
1239885852064583680
1239885853905899529
1239885861287677953
1239885865171791883
1239885876559253504
1239885879575011329
1239885882284363777
1239885886382387200
1239885892757659649
1239885894632509441
1239885897333485568
1239885906217230342
1239885907043459075
1239885907223814145
1239885926224089088
1239885926773522433
1239885927700402178
1239885929151594498
1239885929248108544
1239885931114463233
1239885931919876097
1239885946423660545
1239885948122476544
1239885956418854912
1239885957232500736
1239885959589576704
1239885961435250688
1239885965876957184
1239885970553606144
1239885971858038789
1239885980066332673
1239885981072805888
1239885981433696258
1239885984419868672
1239885990593880064
1239885996356853760
1239885999515160577
1239886001687998470
1239886003625578496
1239886005609562114
1239886013775982597
1239886014279188480
1239886021594091523
1239886027159777280
1239886039776288768
1239886042724831232
1239886045551816704
1239886050652303363
1239886051646242817
1239886055689633797
1239886062186565632
1239886063621099521
1239886064355074048
1239886064950575104
1239886067458658306
1239886072378732545
1239886086954004481
1239886095963152385
1239886096324071425
1239886106310651905
1239886110257545217
1239886120260751361
1239886122915749888
1239886124228714496
1239886128460648449
1239886129853337602
1239886132290170881
1239886132487376896
1239886136442589184
1239886136786456577
1239886149625110533
1239886150380052483
1239886154058653698
1239886162220720129
1239886168163926024
1239886171720876033
1239886173138497536
1239886213164621828
1239886218327924736
1239886225051398146
1239886227907792896
1239886230638047234
1239886250049507330
1239886256714027008
1239886263026692096
1239886268491640833
1239886272845488128
1239886280906817536
1239886281800286208
1239886286950928385
1239886288133611522
1239886302218240004
1239886311118589952
1239886311860953089
1239886327631527936
1239886338301755393
1239886341862653955
1239886343481720832
1239886345977221122
1239886346807848960
1239886349735428096
1239886352180805633
1239886352768012289
1239886357184630785
1239886360846229510
1239886364444897287
1239886365527093249
1239886368110555136
1239886368408395776
1239886368769179648
1239886369272532992
1239886382706733057
1239886386381180930
1239886386771177472
1239886388532785153
1239886393364660226
1239886394094280704
1239886403430780928
1239886405309997056
1239886405481816069
1239886408749375488
1239886411798581249
1239886412578783234
1239886414793195520
1239886420229185537
1239886425996304385
1239886433101303809
1239886436905750536
1239886437706862593
1239886447764738048
1239886447844315136
1239886452520964100
1239886452672139264
1239886454379200512
1239886456266653696
1239886457067749376
1239886457248067587
1239886461526331392
1239886462335602688
1239886465276022784
1239886467041648641
1239886479113027586
1239886491490320384
1239886492886958080
1239886497421185024
1239886499497328641
1239886500809981953
1239886504446644224
1239886540567871488
1239886541901701121
1239886542807527426
1239886544577552384
1239886551682887680
1239886553033453568
1239886556304998400
1239886560394465291
1239886562575273989
1239886564181905415
1239886564190236672
1239886566639710210
1239886573178675200
1239886573661011968
1239886579453366272
1239886582410170368
1239886584159272960
1239886588634521601
1239886589918162944
1239886596377321473
1239886601578258432
1239886604703055872
1239886604854009856
1239886605810163712
1239886607202824199
1239886610172428289
1239886616459649034
1239886618162540547
1239886622583336960
1239886636587995137
1239886643819155458
1239886647833100288
1239886647992467459
1239886652312608768
1239886653482602496
1239886656234291202
1239886659593830401
1239886666359361536
1239886689650257920
1239886693123207169
1239886696638042114
1239886697514532864
1239886697925611523
1239886700668747776
1239886701410938880
1239886703826960386
1239886709820657665
1239886714707095559
1239886717131292672
1239886722587971584
1239886723624120323
1239886725054443520
1239886725083803648
1239886729483608064
1239886730762780672
1239886732109242369
1239886732134236160
1239886734273511425
1239886737444352000
1239886746135015429
1239886748169076736
1239886749746302982
1239886749888897024
1239886756897419270
1239886757128110080
1239886760718536704
1239886761209233408
1239886761377103875
1239886767706255361
1239886770327695360
1239886771221073920
1239886775448936448
1239886778351452161
1239886785481543680
1239886788329721856
1239886805392130048
1239886808894312449
1239886810777554945
1239886818440622080
1239886826128601098
1239886827269619713
1239886829442064384
1239886830717284355
1239886833854660610
1239886842658304008
1239886842813702150
1239886843107135489
1239886845829435393
1239886848866029568
1239886851063853057
1239886858802388997
1239886860605952000
1239886865785905154
1239886868566736899
1239886868755382273
1239886876082868224
1239886880080084993
1239886882248388608
1239886882877644800
1239886883502596097
1239886900552323072
1239886901739429890
1239886905833070594
1239886914355789824
1239886914657947648
1239886920768991232
1239886922119614465
1239886927681277952
1239886930885541889
1239886932395479041
1239886936698847232
1239886940792643587
1239886943900573697
1239886951290785793
1239886952884662272
1239886953480364032
1239886954407374849
1239886965870342146
1239886970341425157
1239886985227100160
1239886991300407299
1239886991841529857
1239886997721772038
1239886998132965376
1239887001731641348
1239887002784264193
1239887008761294850
1239887009981874177
1239887017330147329
1239887037832060928
1239887042584158209
1239887043100098563
1239887051543191552
1239887053170421760
1239887057411092480
1239887065585573890
1239887069901709312
1239887070673461254
1239887071029932034
1239887074888765446
1239887082904002561
1239887085517115398
1239887087517741063
1239887097399349249
1239887100427808768
1239887104852647936
1239887111077138433
1239887111844777984
1239887118899589121
1239887122888380417
1239887123550879744
1239887124872265728
1239887127132831744
1239887129821446144
1239887130844897280
1239887142966431745
1239887147425021952
1239887151451570176
1239887156669104129
1239887158674145284
1239887169574993922
1239887178941038592
1239887183340810242
1239887183693004800
1239887184162959367
1239887185161191424
1239887188789202946
1239887188965367814
1239887195550502912
1239887195802079232
1239887196531724290
1239887197958012928
1239887201212624900
1239887208120815616
1239887208317763588
1239887214911336449
1239887219063697409
1239887224004661249
1239887224650567680
1239887224692518919
1239887226730938369
1239887227754180608
1239887232523284481
1239887235320872960
1239887237598326785
1239887255692546048
1239887256128798720
1239887257374322690
1239887257462423552
1239887260448731138
1239887265192488960
1239887267063349255
1239887271849086983
1239887280845750272
1239887284163481600
1239887286352908289
1239887286637957121
1239887292996739072
1239887304916860930
1239887307169202176
1239887307882168320
1239887319252914176
1239887320599461890
1239887333148831746
1239887335334055937
1239887336030318592
1239887337338941441
1239887350832005120
1239887352518135808
1239887353822367744
1239887354128629761
1239887362886336512
1239887364996071427
1239887366736809986
1239887367135207426
1239887367986647041
1239887373439324161
1239887373980307456
1239887375788097536
1239887377809768448
1239887381504962560
1239887383748915201
1239887386508775424
1239887394855358465
1239887395434180609
1239887398504407040
1239887398592380928
1239887398932066306
1239887402019082240
1239887413100642304
1239887415424278534
1239887420520267782
1239887427168342018
1239887432906129410
1239887434273390592
1239887453403729920
1239887462077358081
1239887470155661312
1239887476010950657
1239887479001567233
1239887488698789894
1239887490984673282
1239887497254948865
1239887499301879808
1239887517329088512
1239887521116336128
1239887522681028611
1239887523960229888
1239887528288759808
1239887531929292800
1239887533884006403
1239887538149560320
1239887542624944129
1239887554104692736
1239887558760374273
1239887584689561602
1239887587189407751
1239887592671399936
1239887595783573505
1239887601370193920
1239887613470916610
1239887613772861440
1239887615605817344
1239887616339738629
1239887629790961664
1239887632588591115
1239887635310678018
1239887635650396165
1239887640725504000
1239887641782505472
1239887647469973504
1239887650322026499
1239887650716295168
1239887653769744384
1239887654776258562
1239887657708277760
1239887668588302336
1239887670869983233
1239887671880830977
1239887679850000386
1239887686334373888
1239887694706225152
1239887696547450881
1239887699072421891
1239887700053745664
1239887704889819137
1239887710560509954
1239887711827374080
1239887712343265280
1239887716671725574
1239887717896511488
1239887720513765376
1239887721071554561
1239887723231686656
1239887724326400000
1239887728201945089
1239887730529746953
1239887733528682496
1239887738763128832
1239887746027737090
1239887746216251394
1239887748254896128
1239887755473231874
1239887756119158784
1239887756429590530
1239887758975434752
1239887765363478529
1239887771172581377
1239887779372335105
1239887781578539009
1239887786422996993
1239887787291103233
1239887788004106240
1239887794115395584
1239887801031811074
1239887808480845824
1239887808912752641
1239887814734610432
1239887815078486017
1239887815501987840
1239887817687392258
1239887824842829824
1239887828009525253
1239887832073875456
1239887841255206913
1239887852512698368
1239887856535056384
1239887864302796801
1239887865640816640
1239887866613899267
1239887875312934913
1239887880455163905
1239887882162253824
1239887888751439874
1239887889909121025
1239887899081846784
1239887905356566528
1239887918157778944
1239887922075140096
1239887927913541633
1239887929205497859
1239887934976737280
1239887941888950272
1239887947580702723
1239887947618533376
1239887949493346304
1239887951124930560
1239887954526392321
1239887954660786178
1239887959114969089
1239887961069584386
1239887962516701184
1239887963858677761
1239887970964045824
1239887970989150208
1239887971874201600
1239887973031673859
1239887976253083648
1239887978593484801
1239887978685702151
1239887979201662976
1239887983832154112
1239887986931752961
1239887990199107586
1239887992786993155
1239887993445527554
1239887997555916803
1239887999837638662
1239888000269438976
1239888001758609408
1239888001976668163
1239888005990625281
1239888007165083648
1239888010746957826
1239888013431312386
1239888013477330945
1239888013678841857
1239888015352266752
1239888016761634816
1239888022096601089
1239888022201683968
1239888024168734720
1239888024709640193
1239888036911071234
1239888041130500098
1239888042426499072
1239888042741161984
1239888043030597632
1239888046155276288
1239888048579661825
1239888049665785863
1239888053545635840
1239888054984347648
1239888056871682048
1239888057496633344
1239888073896235008
1239888077054672902
1239888083782438912
1239888085443174412
1239888085552431111
1239888098340868096
1239888106284658690
1239888109229223939
1239888120528736256
1239888121808007168
1239888123959685125
1239888125595389954
1239888128422313985
1239888130041413633
1239888131400310784
1239888140355145728
1239888142058086400
1239888144645812224
1239888145837146115
1239888153223274496
1239888161406365696
1239888168561885185
1239888169463681029
1239888173544525824
1239888177793347589
1239888181337587712
1239888184810582016
1239888186312142850
1239888186551275521
1239888186819608576
1239888194423779328
1239888198941249542
1239888199390040065
1239888199679434753
1239888204267831296
1239888208038633472
1239888211255558144
1239888211830136834
1239888214191726594
1239888217056382982
1239888217232605184
1239888221334654976
1239888222001549312
1239888228032921601
1239888230927020032
1239888231161716737
1239888236496867328
1239888242503229441
1239888245003034626
1239888252074590208
1239888256344322048
1239888256495423496
1239888266666610688
1239888269975760896
1239888275629920257
1239888277735452674
1239888279006109697
1239888279140478976
1239888289647083520
1239888290771279872
1239888295452200960
1239888295615700992
1239888299289968640
1239888299356897282
1239888308941000705
1239888310975246338
1239888314125225986
1239888315605831681
1239888316708814850
1239888321674960898
1239888332903112704
1239888337940381701
1239888344655572997
1239888345121030146
1239888358647660545
1239888359419310080
1239888360111390722
1239888362691072001
1239888374304997378
1239888374598701056
1239888383020871680
1239888386082476032
1239888386980102146
1239888388741828608
1239888392026042370
1239888392747454466
1239888392822968320
1239888393535979523
1239888398115983365
1239888399412183040
1239888400305586182
1239888404138999808
1239888407603666946
1239888416315183105
1239888420169801730
1239888423248412677
1239888429032275968
1239888440361209857
1239888441799856129
1239888444593246208
1239888453308907520
1239888454781145095
1239888474322292738
1239888485185699848
1239888490776743936
1239888494735921152
1239888502134800384
1239888502386348035
1239888504911470593
1239888508308934656
1239888514327560194
1239888543192879106
1239888544245657600
1239888549962530816
1239888559580028929
1239888560548974594
1239888564160212993
1239888570430693377
1239888576122425351
1239888578609590274
1239888584053788674
1239888586545258496
1239888594027679744
1239888595080679426
1239888597169274880
1239888602068385792
1239888604408750080
1239888608175091717
1239888613330075654
1239888617125949441
1239888619856367616
1239888623505420288
1239888626802143232
1239888637644455936
1239888642497273857
1239888646456709121
1239888659089887235
1239888663166803970
1239888668535296000
1239888670947246081
1239888673648390146
1239888678840762368
1239888678954176513
1239888681336438785
1239888692656758786
1239888697727881216
1239888697987928064
1239888703851560960
1239888711975874561
1239888712806404096
1239888714811052033
1239888717571149825
1239888718275764225
1239888719181680641
1239888719802437634
1239888721933107201
1239888722113392640
1239888728975462400
1239888731168858112
1239888736701349890
1239888738672447492
1239888738735529984
1239888739587014656
1239888739956133889
1239888742443352065
1239888743097663492
1239888747769909248
1239888748172718080
1239888748764110848
1239888755428818945
1239888759472009216
1239888762152222720
1239888769182031873
1239888770138165253
1239888776777723904
1239888778925428738
1239888783421714432
1239888789616693248
1239888792393220098
1239888797757771776
1239888800450568192
1239888800656097281
1239888828506275841
1239888838220296192
1239888839000367105
1239888841194037248
1239888848236273665
1239888859074383874
1239888876526809089
1239888878187753473
1239888879437508610
1239888889738919936
1239888890988658689
1239888893417271298
1239888898450427911
1239888899368865795
1239888910018174983
1239888927101779968
1239888933430886400
1239888935980904450
1239888937746907136
1239888939756015619
1239888943631536128
1239888956487094276
1239888957275602944
1239888960815423489
1239888962874990597
1239888970340843520
1239888971976437760
1239888980218429440
1239888989416353793
1239888994395021312
1239888994541813760
1239888995426828288
1239888996563550209
1239889002834132998
1239889005296017408
1239889006973911040
1239889011897851909
1239889017908285440
1239889018952785920
1239889019728732163
1239889020462735360
1239889036178862081
1239889048518324224
1239889051408306178
1239889053039898626
1239889058047893504
1239889062166556673
1239889063471124480
1239889067829010432
1239889069686927360
1239889071113154565
1239889080327876614
1239889080822964224
1239889085684219904
1239889087273799682
1239889095855198208
1239889097243725825
1239889098006917120
1239889100364120064
1239889100569636864
1239889103593689088
1239889108488486912
1239889109382041601
1239889111944777728
1239889111948963840
1239889128407420928
1239889128797491200
1239889136984772608
1239889143188029440
1239889145679564800
1239889146186993664
1239889146749083651
1239889151073214464
1239889151861743616
1239889165623459846
1239889168160956416
1239889173198364675
1239889179426852866
1239889181335269377
1239889181926703104
1239889186733391872
1239889189371551750
1239889201467928576
1239889206220066817
1239889207692152833
1239889215195885570
1239889217016287233
1239889224180150275
1239889226147098629
1239889230521827330
1239889234455965697
1239889238491107328
1239889239891824640
1239889253275963392
1239889255402438657
1239889258762117121
1239889260309876739
1239889264969744385
1239889267964379136
1239889269252075521
1239889270363561985
1239889276004941824
1239889303326556160
1239889303460671494
1239889305474142208
1239889315578200066
1239889317629063169
1239889328400207872
1239889329511636994
1239889333529841664
1239889335945576449
1239889364290805766
1239889366220038144
1239889376668254208
1239889380053057541
1239889385316728832
1239889385715380224
1239889386638057475
1239889394577760257
1239889396951855104
1239889407622201344
1239889409828241408
1239889415406747648
1239889419190050817
1239889419357782017
1239889420632895488
1239889421186596864
1239889425011802112
1239889425716264962
1239889427209601024
1239889429482872833
1239889435078033408
1239889441214390277
1239889441449054208
1239889453931352069
1239889464668966916
1239889466187108352
1239889471853731841
1239889480405995520
1239889484717723650
1239889484721905665
1239889487926308865
1239889489427869696
1239889491835473920
1239889496222597121
1239889498676301825
1239889504388943872
1239889506959949824
1239889507635400704
1239889514979643394
1239889519723323393
1239889522684563457
1239889522969755648
1239889524131532800
1239889524693643271
1239889529948868608
1239889533220470786
1239889543299510273
1239889545845301248
1239889549645557760
1239889550161272835
1239889553743364096
1239889556176076802
1239889561867685890
1239889562543013889
1239889562647724035
1239889562735763456
1239889565500035073
1239889571334193153
1239889573355945986
1239889581631307781
1239889584428900353
1239889592209289217
1239889603194052608
1239889611926601728
1239889612543328261
1239889627126870019
1239889630045986819
1239889630318792704
1239889633342824448
1239889638032052224
1239889638153768960
1239889639118450691
1239889657955078144
1239889659884380160
1239889659918012416
1239889662480715777
1239889665160810496
1239889668121997313
1239889669623554055
1239889676510662658
1239889677202542592
1239889680059060224
1239889694118178816
1239889695200477184
1239889697507336193
1239889708869496832
1239889713340661761
1239889719565127681
1239889721582551040
1239889728218021890
1239889729358790657
1239889738628247560
1239889740503097345
1239889740830253058
1239889740922531841
1239889748791111682
1239889758593015808
1239889759930970117
1239889766386147328
1239889767267008512
1239889768311332870
1239889769774993409
1239889772245594113
1239889772606369792
1239889773080260608
1239889784555712512
1239889787928133632
1239889790373429249
1239889792336384001
1239889800775249922
1239889801739788288
1239889802981527553
1239889812678737921
1239889812775198721
1239889816046747649
1239889823420354562
1239889823634264065
1239889823760072705
1239889834518491137
1239889841430634496
1239889842361827329
1239889842881933314
1239889849567465475
1239889877010956293
1239889879405932544
1239889882308214785
1239889884262907904
1239889886590783493
1239889888318758913
1239889891166691328
1239889893763006470
1239889898657611777
1239889900830326784
1239889902969348096
1239889913694294018
1239889915581796352
1239889916986884096
1239889917804720129
1239889919377428480
1239889929167085568
1239889937182449665
1239889944140791810
1239889944304369665
1239889950314844160
1239889955264045060
1239889959563264000
1239889966173507584
1239889977879810053
1239889977921732608
1239889987195322370
1239889995281960960
1239889996561158145
1239890002902990848
1239890005650059269
1239890008779169800
1239890009597018112
1239890010779852800
1239890031071748096
1239890041897463814
1239890045789749248
1239890046293073920
1239890051393191936
1239890054857650176
1239890059328798727
1239890062751313921
1239890064424960003
1239890064836100097
1239890065804922880
1239890070896881666
1239890070997532675
1239890071836397569
1239890075393110016
1239890076600897536
1239890076869382144
1239890077188268032
1239890077876133888
1239890081856589828
1239890082397425664
1239890089150300162
1239890092661014530
1239890096326881280
1239890097278869504
1239890098013044736
1239890101905133569
1239890108276445185
1239890110516203523
1239890117583568897
1239890117617168385
1239890125439537152
1239890128367161344
1239890129042452482
1239890131584258048
1239890132074889216
1239890132515409921
1239890139201114112
1239890145077153794
1239890147375792133
1239890152358588419
1239890154267049984
1239890156221599750
1239890159283380225
1239890160424292352
1239890166816206848
1239890176262000640
1239890177557839872
1239890185258586114
1239890191772520450
1239890194712727556
1239890205072596992
1239890205173338112
1239890215419904002
1239890217143799808
1239890220524269568
1239890221082148864
1239890222340603904
1239890224081076224
1239890234239782914
1239890238455066624
1239890246579507203
1239890256213803010
1239890259342737408
1239890261095911431
1239890265445404674
1239890275868323841
1239890277642502144
1239890278191939584
1239890278833704964
1239890279425085440
1239890288019156992
1239890290044878849
1239890297045299203
1239890298102218752
1239890300253978625
1239890302443421700
1239890302606983168
1239890308759863297
1239890319807676416
1239890328167092225
1239890329983057921
1239890340246626304
1239890357162213377
1239890370508578817
1239890384177844224
1239890388539719682
1239890393417895937
1239890396270014465
1239890400866902017
1239890404650233856
1239890406311104519
1239890411688247298
1239890416813649925
1239890419896455168
1239890422089965568
1239890422824161282
1239890424111796227
1239890431724355585
1239890434488520704
1239890435063119872
1239890437508300800
1239890470957920261
1239890472878907392
1239890474032345096
1239890475659689986
1239890476108521472
1239890476309688322
1239890476511014912
1239890482878017538
1239890483096109056
1239890485503639552
1239890486393004032
1239890494609674246
1239890495855194113
1239890498611023872
1239890501379207168
1239890508308254720
1239890513916039169
1239890517791514624
1239890519381233664
1239890519821561857
1239890523931975681
1239890527669157888
1239890528382091266
1239890537391546370
1239890538524037120
1239890551673102337
1239890556941189120
1239890557960368128
1239890561475186688
1239890561634414592
1239890562494259201
1239890565921153026
1239890568051855360
1239890574796132357
1239890576075624451
1239890584141266946
1239890589534961664
1239890590864719874
1239890591602925568
1239890603237953536
1239890606530404359
1239890608472326145
1239890612616417283
1239890620065316864
1239890624406487042
1239890627346739201
1239890628504367105
1239890629657858050
1239890630068899841
1239890640294510592
1239890658875387905
1239890666198642688
1239890673030950912
1239890677342834690
1239890679863455744
1239890680375377920
1239890682048696320
1239890684926021633
1239890686041903116
1239890687329517568
1239890692173856769
1239890696330452993
1239890704396095488
1239890704932929536
1239890707260858369
1239890709135740928
1239890723476049920
1239890723572461568
1239890727724875776
1239890735039561730
1239890739888340992
1239890746305544192
1239890752907489280
1239890754018914306
1239890754786508800
1239890762193678337
1239890763237949440
1239890767109328902
1239890772771483649
1239890776231903235
1239890776777084929
1239890776995364864
1239890779910397952
1239890787560763392
1239890789871882240
1239890796725166080
1239890798633779200
1239890799480811522
1239890817797500933
1239890824030273536
1239890824193880064
1239890833198985217
1239890835153522689
1239890839167475713
1239890843986726916
1239890846469758976
1239890853113495553
1239890855537721345
1239890877977370624
1239890888551206912
1239890893328592898
1239890895077605376
1239890898282037253
1239890912337108992
1239890914983555072
1239890915579305987
1239890919433756672
1239890920717406208
1239890928543895553
1239890930087260160
1239890930536194048
1239890936467001344
1239890949725196289
1239890949884588032
1239890950408867840
1239890953416118272
1239890957186871298
1239890966040858624
1239890966183624705
1239890968448512000
1239890969673244672
1239890973108420609
1239890976119967746
1239890976224751617
1239890981371158528
1239890986400133120
1239890986622423040
1239890991643058177
1239890993119289344
1239891002510409728
1239891003462615040
1239891003777011716
1239891004402122752
1239891005517725696
1239891012341940224
1239891017324732419
1239891018163425284
1239891023158968323
1239891032466247680
1239891040762507266
1239891047079124998
1239891047704133632
1239891050174480386
1239891053794062337
1239891062560190464
1239891064049340416
1239891069812248577
1239891070076571649
1239891074145017861
1239891074681901056
1239891074740621312
1239891074967113728
1239891075667333124
1239891078951682049
1239891080612544512
1239891080952365057
1239891083489947653
1239891085217931264
1239891090003517440
1239891091492671488
1239891093552082945
1239891096622301184
1239891111562358784
1239891125256826880
1239891132013780992
1239891132470964225
1239891134685409280
1239891139039080449
1239891146320510977
1239891146639323137
1239891148283363328
1239891156739260421
1239891157624242176
1239891158077235202
1239891159482171392
1239891162372157440
1239891163781435393
1239891169074610180
1239891169871638528
1239891170194591750
1239891170752253952
1239891177404596225
1239891177459134467
1239891177672970241
1239891182089428992
1239891184018845696
1239891189010182144
1239891193321922561
1239891201555382275
1239891201618104322
1239891202654208007
1239891207393808385
1239891212540301313
1239891217627963392
1239891223395082241
1239891227522277377
1239891231271837696
1239891234409328641
1239891235885608960
1239891236934291458
1239891239643865088
1239891241795551232
1239891243548717058
1239891243733221376
1239891246052671488
1239891253216632833
1239891257687707651
1239891260527140865
1239891266357170182
1239891268626497537
1239891271659008002
1239891275484221442
1239891279858872327
1239891284648738816
1239891292047491072
1239891298708054016
1239891301224591360
1239891304219320320
1239891312033312768
1239891312457011202
1239891320480686080
1239891322758221827
1239891323446050823
1239891325392162816
1239891325543165952
1239891330509213696
1239891335534055426
1239891359701651456
1239891363635687425
1239891367230353410
1239891369818112000
1239891371156258816
1239891375186944000
1239891378999562242
1239891387308482560
1239891387501416448
1239891392551366656
1239891392719134723
1239891394287874049
1239891394380156928
1239891397479669761
1239891399094317056
1239891413216747521
1239891414344966144
1239891417641689089
1239891418086354945
1239891418317041664
1239891421047525378
1239891425849831424
1239891436746743809
1239891441998069761
1239891444229378048
1239891448457289728
1239891455960846338
1239891460067135488
1239891466631155712
1239891468317110272
1239891470729052164
1239891471467188224
1239891472125739013
1239891481202212865
1239891482829611009
1239891483492339712
1239891485195227137
1239891487615303680
1239891490475671554
1239891492316958721
1239891493218893826
1239891497501286405
1239891502853238785
1239891511728205827
1239891512588206091
1239891513359740928
1239891516438409218
1239891522541064192
1239891526291017728
1239891526651531264
1239891542900342790
1239891547065327616
1239891555172974601
1239891557685264387
1239891564652105728
1239891569412583424
1239891570431651841
1239891571488763904
1239891579713867777
1239891588261822465
1239891591067832320
1239891595706720259
1239891608058900480
1239891611733176326
1239891611737350144
1239891614111154176
1239891618070777856
1239891618192334849
1239891620813774853
1239891622411681793
1239891623170863104
1239891625461112834
1239891627545673728
1239891638421315586
1239891642695520256
1239891643635052545
1239891662773653506
1239891665801875457
1239891672051449856
1239891674849071105
1239891675717046274
1239891684348948481
1239891695807926273
1239891701222666241
1239891711209463808
1239891712677462016
1239891715361779712
1239891715466702849
1239891716779450373
1239891716808806401
1239891726971613187
1239891734479413249
1239891734932393984
1239891735607685122
1239891737155436545
1239891737637683201
1239891739651067905
1239891742574415882
1239891744965173249
1239891745661423616
1239891749012635648
1239891752275894273
1239891762145042433
1239891770017751040
1239891773201285120
1239891774161801216
1239891774329352195
1239891779140358146
1239891779421421568
1239891783015903238
1239891783338938373
1239891793547845633
1239891796122939392
1239891796626456576
1239891798878818304
1239891803349770242
1239891809914019845
1239891813059694592
1239891818352906241
1239891821611925509
1239891824682156032
1239891824820596737
1239891827370733569
1239891827831918593
1239891833309876226
1239891834001854464
1239891840855392257
1239891844802084864
1239891847415320577
1239891861474553857
1239891879551959040
1239891881594621954
1239891882899111936
1239891884723580928
1239891884841058305
1239891886002839554
1239891893657403392
1239891894294982656
1239891898766155777
1239891905179054080
1239891908824006658
1239891909126033408
1239891910015225857
1239891918374436871
1239891928612831232
1239891934593892354
1239891935088627713
1239891939727720448
1239891939748610051
1239891948338417665
1239891950981001217
1239891951261892608
1239891952990068736
1239891957687767040
1239891961311526912
1239891970992091136
1239891978004856832
1239891979632168960
1239891980626386945
1239891982593466368
1239891984590032897
1239891986502627330
1239891986552893440
1239891990227156993
1239891991460265984
1239891991514632193
1239891997772652545
1239892003539881984
1239892004311642114
1239892011261415424
1239892012192731136
1239892018719084548
1239892025824219139
1239892026264621058
1239892026365063169
1239892029225619456
1239892029842370560
1239892034774872065
1239892042060308481
1239892042987245571
1239892050113413123
1239892057541554176
1239892057998721024
1239892060997550080
1239892072494178306
1239892089405681664
1239892091985104896
1239892099933392897
1239892104651956224
1239892112440578048
1239892120418295809
1239892121437569024
1239892130111389703
1239892130446766082
1239892133609431043
1239892136457146368
1239892139192078336
1239892143868645376
1239892148159483904
1239892148226383875
1239892154249613312
1239892158943039488
1239892158968102915
1239892159299555329
1239892162151690240
1239892162441097216
1239892163594309635
1239892166266109952
1239892173048274944
1239892174658867202
1239892174961094656
1239892175107706882
1239892175418261505
1239892180682104832
1239892181420109824
1239892186092560386
1239892186172456961
1239892187455856644
1239892196175863809
1239892196490465282
1239892205164167168
1239892208158900228
1239892208381288448
1239892213754191873
1239892214890758145
1239892218271457280
1239892220204978176
1239892222063128576
1239892223300456451
1239892223707119616
1239892225661620224
1239892228677545986
1239892233706336256
1239892234830516224
1239892238072602624
1239892240757133314
1239892245203111936
1239892248566706178
1239892260025700354
1239892268749934594
1239892270737960960
1239892274374496256
1239892276257665031
1239892280510689281
1239892285397118976
1239892290958553088
1239892291751378944
1239892297254342656
1239892297593925633
1239892298110025729
1239892305059942401
1239892309585559552
1239892311774912512
1239892318796353537
1239892323745648640
1239892328073973760
1239892338526339072
1239892338895253505
1239892341814693891
1239892356628983814
1239892364413542400
1239892372516937730
1239892378892349443
1239892385535909892
1239892387780050944
1239892395866677248
1239892396676177922
1239892412031516672
1239892417152720899
1239892418331381760
1239892418855497729
1239892421821022208
1239892432680095745
1239892438069764096
1239892442406694913
1239892444839211009
1239892449239146496
1239892454758920194
1239892459938709504
1239892460160999426
1239892464095330304
1239892464305143808
1239892479513710593
1239892481837170688
1239892484450406407
1239892484584603648
1239892487398981635
1239892488619528193
1239892488791511041
1239892503630942208
1239892504125870081
1239892506138927105
1239892508898975744
1239892512925528064
1239892514644979712
1239892517031641093
1239892517325340673
1239892517681840130
1239892517824466944
1239892521423114240
1239892521553100800
1239892530747015168
1239892532936323073
1239892540347895808
1239892545825628161
1239892546475765760
1239892558916079617
1239892561029783554
1239892562971934720
1239892566654550016
1239892567132647424
1239892568382402561
1239892568646791169
1239892572115472385
1239892577362591744
1239892579224891393
1239892579258265601
1239892580713758723
1239892581707698176
1239892589450575872
1239892596660502528
1239892601471451140
1239892604852060161
1239892605455855620
1239892609381928960
1239892610669350912
1239892618445615105
1239892619582455808
1239892623659130881
1239892624326230016
1239892626322661377
1239892630475083778
1239892632089661440
1239892634920984577
1239892638121279488
1239892639866028032
1239892643905232896
1239892647495585792
1239892649177280514
1239892659562520577
1239892660200050688
1239892662229929986
1239892666814357505
1239892670299934720
1239892674100047874
1239892676973125634
1239892678751518720
1239892681490341890
1239892693716742147
1239892694169681921
1239892696686198785
1239892701127966723
1239892704500252672
1239892706110865408
1239892717171286017
1239892717267832832
1239892718517698561
1239892718542884865
1239892720384180227
1239892721596170242
1239892727095058437
1239892729510924292
1239892731910070274
1239892734657196033
1239892739413684224
1239892748481765376
1239892752365694978
1239892765237968897
1239892765674221569
1239892777510547460
1239892778601066498
1239892779586682880
1239892795999113216
1239892803494113281
1239892803515289605
1239892809433223172
1239892809588539392
1239892812692242432
1239892818333663236
1239892821978513408
1239892822515474432
1239892823991881730
1239892837069664257
1239892838545903618
1239892845072449541
1239892845231771648
1239892851527467011
1239892855906172937
1239892859219779584
1239892867642019843
1239892868401111044
1239892871840399360
1239892878643490822
1239892878660272128
1239892880027783168
1239892882825371649
1239892884549238784
1239892889372700672
1239892895345315841
1239892900185423875
1239892900810555392
1239892901200527360
1239892907223646208
1239892907357683717
1239892916140720129
1239892916199399427
1239892916270661633
1239892926420877312
1239892937061826561
1239892938450239489
1239892939754569728
1239892942518726658
1239892950533971968
1239892954212380672
1239892954640191488
1239892957840445445
1239892969571921921
1239892977125711874
1239892981756440577
1239892990996426753
1239892992988549120
1239892993152356357
1239892996021194752
1239893005672173568
1239893016111984642
1239893026543218691
1239893030267691014
1239893031245012993
1239893032553418752
1239893032868016141
1239893034797395968
1239893042280030210
1239893045979402242
1239893046789132288
1239893052124209152
1239893057216098304
1239893066363928576
1239893066774908928
1239893067630608386
1239893070188961792
1239893078799982592
1239893079341096960
1239893081169768448
1239893087742300161
1239893091168985088
1239893095942098944
1239893097850470403
1239893098072866819
1239893098521677827
1239893101352755201
1239893103168892929
1239893104527900677
1239893105261842432
1239893105840537600
1239893109410091013
1239893115630170114
1239893116250927111
1239893118784286720
1239893121716158464
1239893125948157958
1239893128905207809
1239893130414968832
1239893131253952515
1239893142704398337
1239893142809214977
1239893153257308162
1239893153844465665
1239893166272045058
1239893168239398913
1239893171129192449
1239893173872328705
1239893183066189825
1239893185306013698
1239893186710929408
1239893189726597121
1239893198618726401
1239893208731021312
1239893223662903296
1239893224556130304
1239893225504215040
1239893227441917958
1239893232194072578
1239893232743591936
1239893239471185921
1239893239609667586
1239893244491837440
1239893244634423296
1239893245179691008
1239893248400818176
1239893250103803906
1239893250359488512
1239893251299119104
1239893252624519170
1239893253182443520
1239893255946371073
1239893263437398018
1239893266214137856
1239893270278410245
1239893271586852866
1239893272593682434
1239893272799182848
1239893289861554176
1239893293883850753
1239893297633656832
1239893298225045504
1239893301492355074
1239893305028157441
1239893311281754112
1239893312670257152
1239893318462509058
1239893330919428096
1239893333708849153
1239893335407357954
1239893335952617473
1239893336816865281
1239893343154458624
1239893345532612608
1239893345935163393
1239893348472836098
1239893349320077314
1239893354940416002
1239893356211253254
1239893357645758471
1239893361512697856
1239893364717375490
1239893367368155137
1239893367414296577
1239893367762214915
1239893369104416770
1239893370056478722
1239893371361144833
1239893376637587458
1239893378013126657
1239893383025434627
1239893391732809729
1239893393020530689
1239893398527414274
1239893398875713536
1239893408350638089
1239893411492216834
1239893416957415425
1239893423542472704
1239893429393469442
1239893437354311680
1239893447491936263
1239893449316409345
1239893451052920834
1239893451199709185
1239893452449554432
1239893456207482884
1239893465078599681
1239893473073004544
1239893474872299520
1239893477946576898
1239893479200903171
1239893479909502976
1239893489791492096
1239893496552660992
1239893499396395009
1239893505570410496
1239893509202563072
1239893511375163393
1239893512478474243
1239893517398355968
1239893520862908418
1239893526139277315
1239893526394990594
1239893526667833344
1239893531570954241
1239893533659668485
1239893534326640642
1239893534729265152
1239893535320612867
1239893544640417797
1239893546401968129
1239893556367699968
1239893556937932800
1239893562252316673
1239893562667536384
1239893562675740672
1239893567822106624
1239893568203915264
1239893586956521472
1239893589825597440
1239893590593200131
1239893591721488384
1239893596456828929
1239893599010967553
1239893600890208258
1239893602395807746
1239893602446331905
1239893603201286144
1239893604291743744
1239893610570506241
1239893618959224837
1239893626961809410
1239893627943469056
1239893636088725505
1239893637670019072
1239893641872773120
1239893647459565570
1239893648436867072
1239893655873298433
1239893663347605504
1239893669756297216
1239893670066892800
1239893675217469440
1239893686554710018
1239893688962220033
1239893689993850888
1239893695614324736
1239893703344435200
1239893708243447808
1239893708276789248
1239893712144158725
1239893713977061376
1239893715776204808
1239893721287663616
1239893725645377540
1239893728694804480
1239893729277816832
1239893733891506176
1239893734264672256
1239893735552561157
1239893739876896769
1239893740883513345
1239893745597689856
1239893745769816069
1239893754640625665
1239893757744611330
1239893761389461509
1239893767320035329
1239893778330238977
1239893779114532864
1239893794239242240
1239893804460707840
1239893809602985987
1239893812106969090
1239893813889355776
1239893821195984897
1239893823603511300
1239893830947799042
1239893831446863873
1239893835884290048
1239893837994131457
1239893842603708416
1239893855505448960
1239893858319659008
1239893859636613120
1239893862941769731
1239893867442339840
1239893872437649410
1239893872458817537
1239893878423072768
1239893897821773825
1239893901307195392
1239893915169406976
1239893917300031491
1239893919795683329
1239893929417494528
1239893930277326848
1239893931321679874
1239893933729230849
1239893933871767555
1239893934261678087
1239893935306104832
1239893935440433155
1239893935490818050
1239893940305899521
1239893940582715392
1239893952448335873
1239893973793210368
1239893978520092675
1239893983729500160
1239893985029582848
1239893985809883136
1239893985897955328
1239893986455756800
1239893995309891590
1239893998417973249
1239893999395184642
1239894001949564929
1239894004789116929
1239894008127725568
1239894013865529344
1239894013915865089
1239894015887183874
1239894029329932290
1239894029606825988
1239894031838175234
1239894042965614592
1239894045373202434
1239894054390976514
1239894055984775168
1239894060317450246
1239894061600956416
1239894077862219776
1239894078109691904
1239894081536311298
1239894081578418178
1239894085265010691
1239894090654928896
1239894093041303556
1239894094501097474
1239894094815641602
1239894099429335042
1239894104458264577
1239894105116868610
1239894109831049219
1239894116475064320
1239894122527416322
1239894127543713792
1239894130190217219
1239894151736549381
1239894154450284546
1239894159084920833
1239894163736473602
1239894173014208518
1239894184993214467
1239894187631210498
1239894193729830912
1239894193981489154
1239894199962669056
1239894203511046145
1239894212948234241
1239894214936313857
1239894218014851072
1239894227015917568
1239894229557456897
1239894233244459008
1239894236759314438
1239894237841444864
1239894241578561538
1239894249212186626
1239894249392529409
1239894257286008834
1239894270817062912
1239894274105380864
1239894275615338496
1239894278681264128
1239894278744051713
1239894278844878853
1239894293151731712
1239894306942603265
1239894308376862726
1239894309127651330
1239894311812182016
1239894317549920259
1239894320280461313
1239894321475850240
1239894321576448000
1239894322578771969
1239894323237453826
1239894326416728067
1239894326655647745
1239894330791297029
1239894333567963136
1239894334012411905
1239894343953059840
1239894348935729152
1239894353373511680
1239894358175997955
1239894359329460224
1239894365721505794
1239894372184973318
1239894378497310720
1239894384746934272
1239894388177657857
1239894388458885120
1239894391310954497
1239894391600353280
1239894394137911296
1239894406917795841
1239894408671174657
1239894409946091521
1239894415851712513
1239894418351521799
1239894420712898560
1239894428266815489
1239894433585340417
1239894436215209986
1239894437037256705
1239894444075343872
1239894444591087617
1239894448617684993
1239894450605821952
1239894452430389248
1239894459007012864
1239894459455639554
1239894461624320000
1239894483153629189
1239894489872957441
1239894491110281221
1239894495178735617
1239894495702876160
1239894495916888064
1239894497963773952
1239894505278648320
1239894505593147392
1239894518620700673
1239894520696688640
1239894522760495107
1239894525092360192
1239894528510681094
1239894534810730502
1239894540833763328
1239894545476747265
1239894551889928192
1239894559389290496
1239894561725599744
1239894564149891072
1239894571527606273
1239894575453437953
1239894592578822147
1239894600308813826
1239894600715833344
1239894601567285254
1239894605354524672
1239894613529440258
1239894616616218631
1239894620667969539
1239894627269763073
1239894632768712705
1239894637344587776
1239894637403348992
1239894638120570882
1239894638170984448
1239894646773428226
1239894650674176001
1239894665207390208
1239894667522641920
1239894675143753731
1239894675777114118
1239894683116916736
1239894683389747205
1239894701542641664
1239894702943600642
1239894708501053440
1239894709247541251
1239894710019411968
1239894712183488513
1239894717141221378
1239894719905161218
1239894722228912129
1239894725475414016
1239894726851035139
1239894728012959746
1239894731116761090
1239894734308618241
1239894743003398144
1239894745423532034
1239894747898097664
1239894750892822530
1239894754462236672
1239894756504809473
1239894757565923333
1239894757830082560
1239894758270676992
1239894759025414144
1239894761072242688
1239894764037775361
1239894765103185922
1239894771746791425
1239894781481762818
1239894785906937858
1239894786234093569
1239894801874640898
1239894804147965953
1239894806962176001
1239894810875572225
1239894815359336452
1239894820170186754
1239894824058118144
1239894827795283968
1239894830614040576
1239894832417366019
1239894835353526272
1239894836049739776
1239894837635112960
1239894837903724547
1239894839166005249
1239894842173313026
1239894843922341892
1239894856866115588
1239894868924813312
1239894872531898370
1239894873269891072
1239894874561875973
1239894877187473408
1239894884112371712
1239894884523204609
1239894889334104064
1239894889363431425
1239894890433007616
1239894890642882561
1239894893238964224
1239894901447245825
1239894901728235521
1239894904261787658
1239894904819638279
1239894908225404929
1239894909018128389
1239894909995319296
1239894917729497089
1239894922704158721
1239894925799546882
1239894926915252227
1239894935672893440
1239894941066616834
1239894942316507136
1239894948545249280
1239894949501505536
1239894952273829889
1239894953314025472
1239894956472520705
1239894960721330177
1239894962747191298
1239894986864431105
1239894987996889089
1239894991595585539
1239894991918563328
1239894996544663552
1239894997832531968
1239894998033678341
1239894999015337987
1239895004077842437
1239895006695043072
1239895007273857024
1239895008062431235
1239895010432122881
1239895010520301569
1239895015280779264
1239895016266436608
1239895018321690632
1239895028308357121
1239895036319256578
1239895041394585600
1239895041646243840
1239895047199502336
1239895047266373633
1239895050265526273
1239895053327196161
1239895059362955264
1239895065679585285
1239895072004440064
1239895081529815041
1239895083002060802
1239895091696689152
1239895091927486468
1239895098961387520
1239895099464540162
1239895103839354881
1239895108847382535
1239895113368850432
1239895117584105475
1239895118464892928
1239895120092200961
1239895124395655169
1239895131957927941
1239895135921377283
1239895157501288448
1239895163599818752
1239895169710817280
1239895170755096576
1239895181270208512
1239895188006412288
1239895188354580486
1239895189780672512
1239895191672233986
1239895194927063040
1239895195422019584
1239895212530585605
1239895215114194944
1239895225511882753
1239895232373837825
1239895238493089792
1239895239474716672
1239895243748782086
1239895246651027456
1239895247653462016
1239895248387653637
1239895253471166464
1239895270562746368
1239895276304949249
1239895279282712581
1239895280872574976
1239895282130849793
1239895299449069574
1239895303446237184
1239895304893345799
1239895306332000262
1239895311675506693
1239895314296946689
1239895320143835138
1239895325055373315
1239895337604694018
1239895354352566272
1239895359729438720
1239895360325050368
1239895374204108801
1239895374619455488
1239895382295011329
1239895386854219777
1239895387403681793
1239895392399110144
1239895396597616640
1239895396887015425
1239895400070483968
1239895406475194369
1239895406512943105
1239895410438631424
1239895411390849025
1239895411642503171
1239895413630676993
1239895414914125825
1239895417715863553
1239895434287407104
1239895443376689152
1239895444014194688
1239895462594871296
1239895471654612992
1239895473445625856
1239895476528349188
1239895476935118849
1239895479409934336
1239895479506198528
1239895481922306050
1239895490231181312
1239895490411536385
1239895496891736071
1239895497277681665
1239895498334646272
1239895501409062913
1239895502386331648
1239895502642130944
1239895509160144899
1239895509269204993
1239895509382250496
1239895509420171264
1239895510217097222
1239895518207045633
1239895523219341312
1239895531826171905
1239895532287508482
1239895532702699522
1239895538818039808
1239895544903983104
1239895551707156481
1239895564059369473
1239895565774852098
1239895571860766724
1239895572364120064
1239895572817068032
1239895582686302208
1239895594136735750
1239895595424165888
1239895595743162369
1239895597357940737
1239895601141121025
1239895601497735170
1239895606337900544
1239895607134871554
1239895614369828865
1239895615472930816
1239895616639115264
1239895618333691906
1239895620074250241
1239895631361179648
1239895633147973635
1239895635911827458
1239895642262179841
1239895643675656192
1239895660587110400
1239895662684041217
1239895672746213378
1239895680329670656
1239895682753769473
1239895692929351686
1239895693243731968
1239895695730946048
1239895696255270913
1239895701674311682
1239895701951320064
1239895705726201857
1239895709790408704
1239895714689417217
1239895717596082176
1239895723921063941
1239895726169047041
1239895727578451970
1239895730908626944
1239895734788423680
1239895743726522369
1239895750332559360
1239895752157073412
1239895753113337861
1239895755017551872
1239895766069583872
1239895767801892865
1239895771740241921
1239895771752824833
1239895771975213056
1239895781999611904
1239895784218341377
1239895788421070854
1239895789280702464
1239895796776087552
1239895798005071881
1239895804065845254
1239895808482267136
1239895809816064000
1239895818888523776
1239895825007947782
1239895832381571077
1239895833161670657
1239895839239094273
1239895845358559238
1239895846101168128
1239895848672165888
1239895853029965824
1239895857991991301
1239895859183210497
1239895860663791617
1239895861120905216
1239895875129917442
1239895878904819715
1239895882008539137
1239895882469908480
1239895887918161921
1239895891638652931
1239895891894566914
1239895895707090944
1239895898588688386
1239895899980984320
1239895902111834112
1239895912991715329
1239895913675591680
1239895923364220935
1239895925381881857
1239895926589685761
1239895934433136640
1239895940749647872
1239895943954059264
1239895944436633602
1239895950065315840
1239895953965846529
1239895955639500800
1239895958491672581
1239895966129344512
1239895970235678729
1239895971066195969
1239895971741470720
1239895973670895618
1239895982017568768
1239895983716216832
1239895986509660160
1239895988858388481
1239895989370134528
1239895992536829953
1239895995082776576
1239895996156522496
1239896001533616128
1239896001986441217
1239896004201263104
1239896022081470465
1239896024753332224
1239896034354106369
1239896040268054528
1239896041157210112
1239896047176110086
1239896049415852033
1239896055661150208
1239896059205292033
1239896069837897732
1239896073080111104
1239896076599033856
1239896081972019200
1239896085532938240
1239896090259779589
1239896093992853504
1239896099156111361
1239896104457637888
1239896105648885761
1239896108664414210
1239896110107439108
1239896111801745408
1239896113819217920
1239896114729492481
1239896117032206338
1239896117309050883
1239896117481013251
1239896124858626048
1239896138075058176
1239896144051941382
1239896148359479296
1239896149202477058
1239896169167323137
1239896169368748039
1239896180072624130
1239896187311919104
1239896191657054210
1239896195612446720
1239896205653573632
1239896209793351680
1239896214977445890
1239896216764321792
1239896216982323201
1239896217032720389
1239896219285151744
1239896219469508608
1239896220652294144
1239896223731122177
1239896223894642689
1239896224406405120
1239896228705513474
1239896233646440450
1239896243658272768
1239896244484358144
1239896245063356418
1239896246619439105
1239896247923859458
1239896252504031232
1239896255913963520
1239896256899624960
1239896257356804097
1239896268085714944
1239896274922504192
1239896277468487682
1239896278202384385
1239896279595048960
1239896285135679496
1239896287941742592
1239896290261164032
1239896294325243905
1239896300709203969
1239896301334147073
1239896301728382976
1239896323123372038
1239896328727117827
1239896332774641665
1239896346460635139
1239896350613024769
1239896356652756992
1239896367855779842
1239896376034512897
1239896380291854337
1239896385236934667
1239896390261669888
1239896392170123265
1239896397077516289
1239896401745784832
1239896410855739394
1239896411824676866
1239896418199826432
1239896423145054210
1239896429092581377
1239896439540649985
1239896446587088897
1239896446825979904
1239896450143670280
1239896453335650304
1239896457093640192
1239896457945088004
1239896474424664066
1239896476660256773
1239896480485240832
1239896486781083648
1239896487125045248
1239896511758176256
1239896517902602241
1239896522331848704
1239896525033148416
1239896530707832832
1239896535334293504
1239896542431117312
1239896545010434052
1239896546457587713
1239896552644190208
1239896554955210752
1239896555198410754
1239896555341127681
1239896556796432386
1239896562458865665
1239896563784257536
1239896570222567427
1239896572399411202
1239896572961398784
1239896579596845060
1239896580750299139
1239896582109233154
1239896584495624194
1239896594658611200
1239896594964721666
1239896596885749761
1239896604506611712
1239896610563395585
1239896612714971142
1239896616548646914
1239896619165810688
1239896620688384000
1239896625650286596
1239896631606218752
1239896638556180480
1239896639478927361
1239896643337695234
1239896648211292160
1239896651617177600
1239896655031197699
1239896668377698304
1239896670189563904
1239896670223175681
1239896676757729280
1239896679601618945
1239896683825283072
1239896693434351616
1239896696026476544
1239896696898846720
1239896699474038785
1239896701588119559
1239896702032715777
1239896704884903936
1239896709620043776
1239896715634892801
1239896726934151173
1239896739873685504
1239896743233368066
1239896752649572353
1239896756093095936
1239896759289012226
1239896759435792384
1239896767556136973
1239896769141583877
1239896770706014209
1239896774204104705
1239896778482335744
1239896779346325505
1239896779849707524
1239896782009782274
1239896782382886912
1239896782999617537
1239896783712641026
1239896786023538693
1239896788452212736
1239896791778308096
1239896794009657344
1239896795758702592
1239896796274589697
1239896801500676096
1239896802645520384
1239896810673647617
1239896811646713858
1239896813726871552
1239896818915426305
1239896820781846531
1239896821603995650
1239896821977276416
1239896823441088521
1239896823487033345
1239896826985119749
1239896827232575488
1239896841149247488
1239896849458184193
1239896850762735621
1239896858773856258
1239896861663727622
1239896868089294848
1239896868999647233
1239896869507141634
1239896870857641984
1239896872900313090
1239896875400146944
1239896875643408386
1239896877413339137
1239896889379651586
1239896894056181761
1239896895121698818
1239896920174161920
1239896920220413952
1239896921147412480
1239896925568147456
1239896930777534465
1239896933847773186
1239896934980165636
1239896936402034690
1239896936657772550
1239896948938870784
1239896959516848128
1239896972657446915
1239896975299903490
1239896977669840896
1239896977690804226
1239896980823986176
1239896983432835073
1239896985865531393
1239896996963586051
1239897019226804224
1239897023974977536
1239897027347128320
1239897035249078273
1239897039607136256
1239897039711977472
1239897045256765442
1239897047806992384
1239897048696184841
1239897049602166784
1239897052764672002
1239897057953021955
1239897060519948288
1239897069227249664
1239897071920037888
1239897074923077638
1239897076600840192
1239897077796098051
1239897083634728961
1239897084909756418
1239897093579423753
1239897094997114881
1239897095462621186
1239897097299607554
1239897098335719424
1239897102660108289
1239897106019766272
1239897106506289154
1239897110398394370
1239897110989778945
1239897113699508224
1239897116043960320
1239897116740329473
1239897117742764032
1239897123895873536
1239897131198173184
1239897132209000448
1239897135010611201
1239897139498516480
1239897140354318336
1239897141356748802
1239897147631374336
1239897150042980358
1239897151808974848
1239897152740089857
1239897152861634566
1239897155558682626
1239897168170889217
1239897170133815301
1239897170842705921
1239897172512051201
1239897173162065922
1239897175192199168
1239897177075462147
1239897177431912448
1239897180187615234
1239897181450100736
1239897183022993408
1239897183635345409
1239897187879768064
1239897188374904834
1239897191818412034
1239897200920088576
1239897204174749696
1239897205391216641
1239897205785235456
1239897209518223361
1239897210872946688
1239897211367907334
1239897211430998018
1239897212571787264
1239897225674674176
1239897229781094401
1239897230846410752
1239897235405537281
1239897237892857856
1239897244633042944
1239897245530632193
1239897245929156610
1239897250429632515
1239897252698742788
1239897265822552064
1239897284571168768
1239897287083638785
1239897287972642822
1239897310353645568
1239897312924774400
1239897317638955008
1239897317890764802
1239897319300116481
1239897320247959552
1239897321896206340
1239897323238498304
1239897330729603077
1239897332088369152
1239897338551951360
1239897341399883777
1239897342733500417
1239897343224352770
1239897346558787584
1239897353747869696
1239897353768914944
1239897355903696897
1239897357241782279
1239897358604754944
1239897361935147009
1239897368675389441
1239897369132621830
1239897371284246529
1239897372999577600
1239897376271339520
1239897387218407424
1239897391416971266
1239897394684231683
1239897396965978112
1239897400074022916
1239897404243050496
1239897404524113926
1239897404658216960
1239897408034746371
1239897423310438402
1239897423381749760
1239897432059777029
1239897433309466629
1239897434576375810
1239897439412326405
1239897442948177920
1239897446249103361
1239897448841203712
1239897449017171968
1239897455891812352
1239897456898387971
1239897466012463107
1239897467157610502
1239897468743155713
1239897477454708736
1239897482747838467
1239897482919915521
1239897489773400073
1239897492096872448
1239897499088928770
1239897499973943297
1239897500192030720
1239897500661751808
1239897502398255105
1239897504281505792
1239897505523019776
1239897512825311233
1239897515455131649
1239897520722989059
1239897524376395776
1239897531338768384
1239897532853104640
1239897533616398336
1239897541166104576
1239897542445404160
1239897547088580609
1239897549034700800
1239897549756141568
1239897556651474944
1239897557381382145
1239897558744551424
1239897563387609088
1239897566097166337
1239897570232668161
1239897572187295745
1239897574942879744
1239897575815249921
1239897585839677440
1239897591917182976
1239897598670123008
1239897602696544257
1239897606878347265
1239897634120368129
1239897636745986050
1239897641342963712
1239897643037442048
1239897648523550722
1239897652738887681
1239897654831783936
1239897655527997440
1239897657579057152
1239897661693542400
1239897664059129856
1239897666764574721
1239897677321601024
1239897678139572224
1239897691523448832
1239897691699757058
1239897703515119619
1239897704291016704
1239897704974729217
1239897705578561536
1239897712880992256
1239897714080591873
1239897722519531522
1239897724369108993
1239897725820264449
1239897729238794241
1239897744325644289
1239897745118220289
1239897750982066177
1239897753238614018
1239897756057174016
1239897759655890944
1239897764424810497
1239897764940656640
1239897784100274178
1239897784712482817
1239897785664778242
1239897786058932230
1239897786335797248
1239897786373623812
1239897787128406016
1239897789355745280
1239897789531746304
1239897789536092160
1239897796196675584
1239897829516115976
1239897835014885376
1239897835044102144
1239897836407230464
1239897841398677510
1239897845953486855
1239897855000825858
1239897857148293121
1239897859056640001
1239897862877720577
1239897863959785475
1239897869378863105
1239897870356156419
1239897872503578629
1239897872855957504
1239897876517588992
1239897882049699844
1239897883526098945
1239897887699542019
1239897902052511744
1239897907462991872
1239897907697979392
1239897919018487808
1239897927071473670
1239897930783272965
1239897930842046464
1239897931991388160
1239897933799018496
1239897942032396288
1239897943064248320
1239897943420710919
1239897943965962240
1239897945350139904
1239897945878736899
1239897946881028097
1239897946952544256
1239897947871088640
1239897963440242690
1239897965415759875
1239897968624500737
1239897980087328768
1239897982721339395
1239897983514271754
1239897984667533313
1239897986446000129
1239897987859480581
1239897988211920898
1239897989688242176
1239897991122530304
1239897991374225408
1239897996529041409
1239897999058382848
1239898005664346118
1239898006905933826
1239898009988730881
1239898016359874565
1239898020939853827
1239898026212233218
1239898026497511424
1239898027097292800
1239898033908842497
1239898036102455298
1239898040573583360
1239898045413609472
1239898050522263552
1239898059917496321
1239898065047293956
1239898065806471172
1239898068251803654
1239898070034382848
1239898071057731584
1239898076833361920
1239898080742277120
1239898089785364480
1239898093874589701
1239898103508897797
1239898106948251648
1239898117861974018
1239898120009453613
1239898130633707521
1239898131296329729
1239898135834525700
1239898136782483456
1239898137214345221
1239898139940794368
1239898140746153988
1239898142767640576
1239898148652429312
1239898157359734788
1239898158525636611
1239898158601326592
1239898163663822853
1239898166113316867
1239898166763360256
1239898176519376896
1239898178792689666
1239898180839407622
1239898184228515842
1239898185809657856
1239898187571367942
1239898197339910145
1239898217636081666
1239898225357643777
1239898231116464129
1239898232806875143
1239898233456996354
1239898236837605378
1239898237433262082
1239898240201273345
1239898248518815745
1239898249588355073
1239898250758565888
1239898257981083650
1239898266185105414
1239898267212800002
1239898279367847941
1239898282047963137
1239898284791083008
1239898289589440512
1239898293930528769
1239898302180515840
1239898303569039360
1239898305213186048
1239898306836340736
1239898307054403584
1239898308065271812
1239898309310832640
1239898310024015878
1239898310049247234
1239898311194112008
1239898315925282816
1239898315925454855
1239898321847816192
1239898322950926336
1239898323886235648
1239898326012694530
1239898330588753922
1239898331586998274
1239898339144949760
1239898340273410053
1239898340759867393
1239898341946855424
1239898344660467712
1239898344673234944
1239898353640648706
1239898361785958400
1239898364759756800
1239898366940721152
1239898367888687104
1239898370375847938
1239898370992484354
1239898380886855680
1239898393750786049
1239898396602875906
1239898400549736448
1239898404140068869
1239898404718772231
1239898411379429384
1239898411723177985
1239898418471821312
1239898419302297601
1239898419428237313
1239898421269614595
1239898421550514176
1239898423425449985
1239898427997241345
1239898429075206144
1239898429838495746
1239898438181011456
1239898441649659907
1239898456015155202
1239898457046949890
1239898462126321664
1239898462432493569
1239898462533095426
1239898467977363456
1239898469759946759
1239898469822861312
1239898470359711751
1239898470829318144
1239898472314048514
1239898472519741447
1239898474331754496
1239898477599039490
1239898478957989889
1239898491532558339
1239898492618891265
1239898498251681798
1239898511782473729
1239898514827759617
1239898517717598208
1239898522259836928
1239898524424298498
1239898529251745793
1239898530421993473
1239898534364708864
1239898538936610818
1239898541037944833
1239898548155625472
1239898548407279616
1239898548444868608
1239898552966377473
1239898559094407168
1239898571945713665
1239898573904523264
1239898574856560646
1239898579940098048
1239898580221136896
1239898582221828096
1239898585946296322
1239898589565861888
1239898598474727425
1239898598650888193
1239898598881611776
1239898600777363456
1239898603134558208
1239898603172306946
1239898607551209474
1239898613490290689
1239898617457958912
1239898618099793923
1239898619903217665
1239898623711809536
1239898629776781316
1239898631886569473
1239898636659630080
1239898636663894016
1239898649062256640
1239898651524313090
1239898656465137665
1239898657639538688
1239898660999245824
1239898665130635265
1239898666392903680
1239898669580615680
1239898670285324288
1239898672042631169
1239898676106952709
1239898677470167041
1239898679281987584
1239898683640025088
1239898690011181057
1239898690585858048
1239898693832028162
1239898694826242049
1239898695740657672
1239898696298479617
1239898698240405513
1239898701386190848
1239898715323879424
1239898715894284288
1239898720881254401
1239898721938059264
1239898722219294723
1239898737364758528
1239898742142177280
1239898742603603969
1239898746722254849
1239898747389112320
1239898754410569733
1239898761029136384
1239898761079513088
1239898764321722368
1239898765449977856
1239898765856735234
1239898768767500288
1239898780222267392
1239898780842856448
1239898784508723201
1239898784722825216
1239898791316205569
1239898795749658630
1239898803894804480
1239898804385693701
1239898804859604994
1239898805836763136
1239898806512222209
1239898807359373313
1239898810798792704
1239898815232081921
1239898817673207808
1239898823654363136
1239898823679492098
1239898838397149186
1239898839789772802
1239898842755035136
1239898845611544576
1239898853291286531
1239898858169270272
1239898859217838085
1239898859419176960
1239898868315303939
1239898868604526592
1239898872333225985
1239898872547336192
1239898875512655881
1239898878679420929
1239898879400775681
1239898885968936960
1239898890314207232
1239898891337609216
1239898895695720448
1239898897884971011
1239898897901694976
1239898904939896834
1239898906076631041
1239898907020349445
1239898907594960897
1239898912997044225
1239898919594864641
1239898925399707648
1239898938175619074
1239898938951548931
1239898950452174853
1239898951072931842
1239898957762846727
1239898958262153225
1239898961487572999
1239898966759702531
1239898968718483458
1239898980231806976
1239898981016231937
1239898992114368514
1239898994488291334
1239898997143121926
1239899003686395906
1239899005947195392
1239899007159320577
1239899022619553793
1239899024607584257
1239899027191271424
1239899029926010880
1239899040776515584
1239899041812615170
1239899043171569664
1239899047760101387
1239899049446248449
1239899051270832128
1239899052013162500
1239899053523165186
1239899062830235649
1239899063576932352
1239899071537692674
1239899072338841600
1239899075992051719
1239899077090971648
1239899078550605824
1239899082367393794
1239899084808388612
1239899085387313152
1239899093499097088
1239899102499999746
1239899103787659266
1239899104039309312
1239899108615356416
1239899110146224128
1239899110653734912
1239899111081590786
1239899116433530880
1239899122750181376
1239899124759179265
1239899130236784640
1239899131218472960
1239899132107665408
1239899132308992000
1239899137556066306
1239899138499776514
1239899140378812416
1239899149014884355
1239899149765656576
1239899156639965190
1239899156778487808
1239899157059579904
1239899158762291200
1239899167721320451
1239899169848020993
1239899174331715587
1239899175917158401
1239899176130891776
1239899178622496770
1239899182988746752
1239899185912012801
1239899192664797185
1239899200126672897
1239899215087665152
1239899220796112896
1239899220875841537
1239899225850368000
1239899228551417856
1239899230396964868
1239899230493462529
1239899235446906881
1239899235975188481
1239899244867117057
1239899245328687105
1239899252265975809
1239899255390732289
1239899256858820608
1239899258205220865
1239899265901539328
1239899270016204800
1239899271023001601
1239899272214130688
1239899272969142272
1239899274269376513
1239899278094618625
1239899279491248128
1239899283043704833