1239869085204107361
1239869085220868097
1239869085619326982
1239869085795504128
1239869085799890944
1239869085812473856
1239869086407909376
1239869086970122240
1239869087930552320
1239869088672833537
1239869089213890562
1239869093286752256
1239869095958454272
1239869095983579141
1239869096881270790
1239869104615497730
1239869114795122690
1239869140266930176
1239869144100675586
1239869152669696000
1239869153483374592
1239869157312802816
1239869157786738689
1239869163511873537
1239869163537084417
1239869173074997251
1239869177822838784
1239869184193986560
1239869190720323585
1239869193870336000
1239869211335372802
1239869214854270976
1239869215840010240
1239869219543617536
1239869220026023945
1239869220961366018
1239869221586317313
1239869228813103104
1239869229169606656
1239869229349953536
1239869230042005506
1239869231635857408
1239869238015217664
1239869242431897600
1239869268889657345
1239869275868815360
1239869278708523008
1239869279299870726
1239869289613721602
1239869292574728193
1239869298644000768
1239869300564951040
1239869305900216320
1239869306382548992
1239869311818371073
1239869314410283008
1239869325642784768
1239869337411846144
1239869348153450500
1239869349164396544
1239869350124736512
1239869364096118784
1239869374120497152
1239869377400332289
1239869384002342915
1239869386401419264
1239869387567497224
1239869395918258176
1239869400250847233
1239869401496801280
1239869413790224384
1239869415362949123
1239869419901210625
1239869420383752194
1239869429862879234
1239869432509366272
1239869446140891136
1239869449814945792
1239869452415569920
1239869461399732224
1239869469523988480
1239869473315831808
1239869476197134336
1239869477136801792
1239869479162699776
1239869480823554048
1239869481242882048
1239869488004075520
1239869498104197120
1239869499890905088
1239869512972939265
1239869513094418432
1239869514835202048
1239869517305700352
1239869525199220737
1239869525904031744
1239869540068196353
1239869550813995008
1239869551522660354
1239869552336474113
1239869559852527616
1239869566756352000
1239869578924167169
1239869582946549762
1239869587262406657
1239869588730302465
1239869599379853313
1239869608510869505
1239869633462775808
1239869633865416705
1239869634456612864
1239869642438574080
1239869650143412224
1239869650575544320
1239869652181942273
1239869666568237056
1239869667671281664
1239869671999852545
1239869672784363520
1239869673337831424
1239869682427072517
1239869706036625409
1239869709379649536
1239869710537129984
1239869723094986752
1239869724613324800
1239869727570345985
1239869728887164928
1239869733329084416
1239869733719195653
1239869739028975616
1239869742212472832
1239869742996996096
1239869751221985285
1239869754715688960
1239869755185479682
1239869772759576576
1239869778677903360
1239869783241342979
1239869788421263361
1239869792498171906
1239869794217836545
1239869795111141377
1239869807731912705
1239869816967659521
1239869825524137985
1239869833715597312
1239869834227261440
1239869841835786240
1239869846487207937
1239869850459222016
1239869852803903489
1239869859971895296
1239869861859405824
1239869879152410625
1239869882201751552
1239869889264771073
1239869898869878784
1239869898941218819
1239869909724733440
1239869915626168320
1239869917228236800
1239869917668745216
1239869921733087232
1239869922186051586
1239869925952565251
1239869927709913088
1239869933275820032
1239869953467011072
1239869955031486464
1239869962518515712
1239869963499945985
1239869965571850244
1239869974669406215
1239869987583557633
1239869992776142848
1239870002922045444
1239870005912764416
1239870020160827392
1239870024862633993
1239870026888470529
1239870035495133184
1239870041975373824
1239870044936581121
1239870045481840640
1239870045729304581
1239870049948700674
1239870070769115136
1239870078100877313
1239870082718654464
1239870087340965889
1239870092088872966
1239870092143284225
1239870095469363201
1239870097172430848
1239870106454437888
1239870109759520768
1239870111487537152
1239870116348792832
1239870117518827522
1239870117594488832
1239870121063190530
1239870140918804481
1239870164453199872
1239870179460304897
1239870180253151233
1239870186582355969
1239870197525123072
1239870199408492544
1239870211840409600
1239870212515803136
1239870215774584832
1239870218396151808
1239870225681694720
1239870226109550594
1239870226302414849
1239870240219181057
1239870242542587904
1239870248104255488
1239870276516495361
1239870289082814465
1239870290575921153
1239870300445081602
1239870308024123392
1239870314567405571
1239870316186423296
1239870323027312641
1239870324335882240
1239870326282039296
1239870344887963648
1239870348683653121
1239870355436527616
1239870358213267457
1239870359157039105
1239870359329005569
1239870361153335296
1239870362143330307
1239870364727083008
1239870365981163521
1239870381323948033
1239870383114854402
1239870384561885184
1239870384834568198
1239870386231271424
1239870394712104960
1239870407102128135
1239870415788441601
1239870433786298368
1239870442665431040
1239870453155540994
1239870453453209600
1239870454971674626
1239870456997523456
1239870459195166722
1239870468083105797
1239870468481409024
1239870472797532165
1239870481991208961
1239870489582923776
1239870497875263489
1239870508818104320
1239870510575636482
1239870511158571009
1239870511175229440
1239870511653535745
1239870516628000770
1239870528116027392
1239870532738260992
1239870533312774144
1239870533849628673
1239870537054240769
1239870541890289666
1239870545581215744
1239870549385412609
1239870552132784128
1239870555458695169
1239870561611907073
1239870583464067073
1239870588828565504
1239870592448413697
1239870595312963585
1239870597913620480
1239870597930389504
1239870620902608896
1239870634643128321
1239870639281848322
1239870642138288129
1239870642251415552
1239870642414968832
1239870642645684224
1239870643262255105
1239870646475251712
1239870648941449216
1239870651109908481
1239870652317716480
1239870667668852736
1239870668012793856
1239870675227160578
1239870701336760321
1239870712099323906
1239870714062213120
1239870717820145665
1239870721117032450
1239870723981586433
1239870726171168768
1239870736627572736
1239870739152539648
1239870740314222593
1239870753014714368
1239870753392267266
1239870753803079680
1239870756416348160
1239870770123124736
1239870778159570945
1239870805523251202
1239870806618001409
1239870812183650304
1239870813962219522
1239870817695084544
1239870822808014851
1239870826222100480
1239870828080136192
1239870829833277440
1239870831901040640
1239870833352249344
1239870839736209409
1239870844802826240
1239870858543464457
1239870863937359872
1239870870568472581
1239870871570956290
1239870874980962305
1239870881729597440
1239870889627353088
1239870894593409025
1239870894752714753
1239870907763453953
1239870911437824002
1239870912192790529
1239870920803614720
1239870926109499392
1239870935731183616
1239870937329283072
1239870943666876416
1239870943851417600
1239870964470554625
1239870967083683846
1239870973001818115
1239870990122876929
1239870991477678080
1239871000864587776
1239871003850936320
1239871006707048453
1239871013564923904
1239871017453043712
1239871021538107392
1239871022125518848
1239871022175838211
1239871023572533250
1239871032527220736
1239871038004944901
1239871043482923014
1239871054790746112
1239871061589733382
1239871069265244162
1239871072310198273
1239871077263609858
1239871088877805568
1239871090668843008
1239871092828897286
1239871098424045568
1239871098507776005
1239871120729354243
1239871121891241985
1239871127238950913
1239871134969008128
1239871136105717761
1239871137552744450
1239871142736924673
1239871147925221376
1239871160877289472
1239871162580000775
1239871162596962306
1239871177134428160
1239871179755868161
1239871189016862722
1239871195136380929
1239871195639689216
1239871198449696777
1239871200240820224
1239871200844632064
1239871205240258560
1239871206636924931
1239871221971501061
1239871226622984192
1239871235061882881
1239871245358899202
1239871245706985473
1239871249041494021
1239871254829699072
1239871258822619136
1239871276019339264
1239871277864755200
1239871280448278528
1239871281190842369
1239871289655001089
1239871295854174208
1239871308801990658
1239871313872736257
1239871321506340869
1239871324341833729
1239871328066441216
1239871338866716678
1239871340376719363
1239871348371046401
1239871355165847553
1239871357757816833
1239871375944216576
1239871383208951808
1239871384769245190
1239871393933807617
1239871403874078725
1239871404394180613
1239871416323002373
1239871423721676801
1239871428654182400
1239871429501423618
1239871440360550400
1239871440901603331
1239871444940718081
1239871445146259457
1239871445741850629
1239871460048433152
1239871463475359744
1239871466532823040
1239871466805616642
1239871468898484224
1239871488565497858
1239871495863709697
1239871504482840576
1239871515744755712
1239871519032999937
1239871520824078337
1239871526796587009
1239871536342786049
1239871537500442624
1239871545381617664
1239871545557815304
1239871547554369537
1239871551647997952
1239871553170321410
1239871570727899136
1239871593301540864
1239871594614468609
1239871615904735237
1239871616823242752
1239871625648058368
1239871629372657665
1239871647395397632
1239871657835220994
1239871661924646914
1239871664323772416
1239871665376395265
1239871670283878400
1239871689464389633
1239871708024254464
1239871717574619136
1239871725103452160
1239871725539639296
1239871728521818112
1239871734007959553
1239871737178787840
1239871740911681536
1239871743118004225
1239871748906070016
1239871753071067136
1239871757789560832
1239871769143422978
1239871772943663106
1239871782246592512
1239871805097156609
1239871808930750465
1239871815553556480
1239871817793376257
1239871818669780992
1239871819974352897
1239871822054789125
1239871824588156928
1239871831244488706
1239871834973036545
1239871839188299777
1239871849909149696
1239871851066777600
1239871860516388864
1239871860889788419
1239871860889837568
1239871882855247872
1239871890178674688
1239871891550003200
1239871898474987521
1239871906674880513
1239871911519064065
1239871917571444736
1239871918704144385
1239871931471613954
1239871937565855744
1239871951302246401
1239871957987766274
1239871958117781510
1239871963935498241
1239871964216516610
1239871982809776128
1239871984621834240
1239871990678409216
1239871992305762304
1239872003512860674
1239872030385848320
1239872031677722625
1239872048341622784
1239872051869089793
1239872059884425216
1239872064737153024
1239872069694783490
1239872069782908930
1239872077722779648
1239872080918851592
1239872087419953152
1239872089315848192
1239872094290182149
1239872100032294919
1239872111918841859
1239872119464435712
1239872129321107458
1239872132047417344
1239872135343964164
1239872142713294851
1239872147805306881
1239872150342778880
1239872156261142528
1239872173705175042
1239872175013801985
1239872189282861056
1239872189664342016
1239872189836324864
1239872190285258753
1239872191950356480
1239872207322583040
1239872210279337985
1239872218445701120
1239872221562245121
1239872224464527366
1239872227891429379
1239872236837834759
1239872278508310534
1239872278999040000
1239872282211823616
1239872307155415044
1239872308493217792
1239872310301073409
1239872312893157376
1239872314763689984
1239872326226903043
1239872331218137090
1239872335135506434
1239872342253359106
1239872343104724995
1239872347160678400
1239872355717054465
1239872356782227456
1239872358057467905
1239872382694760449
1239872389833461761
1239872390605213696
1239872397647503360
1239872398217936897
1239872404979146752
1239872410062594048
1239872411576778753
1239872412918771713
1239872414378532866
1239872445131169793
1239872465586868225
1239872470137614338
1239872478782128129
1239872480329809922
1239872485199433728
1239872488965693440
1239872489762758657
1239872491650244608
1239872506506420225
1239872509077598211
1239872526852988928
1239872531189977088
1239872532527882240
1239872537871482880
1239872545417039873
1239872545542807553
1239872554166337536
1239872555516747777
1239872556376580096
1239872563976769537
1239872572197670912
1239872572990181377
1239872573531287552
1239872573812457472
1239872576827973638
1239872578744967169
1239872580728827904
1239872587905327105
1239872597451591683
1239872597610786816
1239872618385170432
1239872622042718208
1239872622218756096
1239872623762382848
1239872623984685056
1239872629827342337
1239872631194689536
1239872632817926144
1239872634822647808
1239872638572470272
1239872639973445632
1239872640300572673
1239872643563532288
1239872665256517632
1239872665529102337
1239872678875537411
1239872684412076032
1239872685473218562
1239872686190452736
1239872696747319297
1239872698320216066
1239872699784183808
1239872716808871938
1239872725071450114
1239872725700804608
1239872732382269442
1239872733045051395
1239872735268024320
1239872738505953280
1239872739789471745
1239872741987287041
1239872748522016770
1239872752468852746
1239872753907331072
1239872757749493763
1239872760093925376
1239872763474706433
1239872764200312832
1239872766238691329
1239872781069631488
1239872790410354688
1239872792516087808
1239872796299321344
1239872799231152128
1239872802351730689
1239872805006606336
1239872826049548289
1239872827894960129
1239872828796788739
1239872829518053377
1239872829912473600
1239872840012156929
1239872843913011200
1239872846605795328
1239872849155940352
1239872850372096001
1239872850401669121
1239872852024754176
1239872859402616832
1239872863043190784
1239872874518695936
1239872876934828033
1239872880222990337
1239872883096240129
1239872893053476864
1239872895498797061
1239872897293877250
1239872907721015296
1239872912573599746
1239872917313327104
1239872927681540098
1239872933662576642
1239872934262571008
1239872944341422083
1239872947952771073
1239872969003929600
1239872982845206531
1239872984980094977
1239872995138641920
1239873009873117184
1239873011668451330
1239873012134010881
1239873013841104897
1239873016869171200
1239873018412904449
1239873031456968704
1239873034678415360
1239873036683182081
1239873049530417158
1239873062029234176
1239873066504802305
1239873071479230464
1239873072930447360
1239873074096455680
1239873075774197760
1239873078923952128
1239873080039800833
1239873083432935424
1239873089963425792
1239873093130235904
1239873096628211712
1239873097064423426
1239873102445711360
1239873109169184769
1239873114269417472
1239873129557655552
1239873133592694786
1239873148348248064
1239873149849698306
1239873150244007937
1239873153708494849
1239873158896848897
1239873160142454784
1239873165377052673
1239873172448608256
1239873190567895040
1239873194846289921
1239873207840190465
1239873212105752577
1239873214940991489
1239873215096184832
1239873216988020740
1239873227532484613
1239873227591122950
1239873243369988096
1239873244120911872
1239873244561367042
1239873246352171008
1239873247887462406
1239873252731871232
1239873253470015488
1239873268439490560
1239873269274226688
1239873273342590976
1239873282582687748
1239873286818988032
1239873288266006528
1239873288467296257
1239873298294435841
1239873299041013760
1239873302752972801
1239873304955170822
1239873305978568705
1239873311749705728
1239873312613941249
1239873315243687937
1239873316350906369
1239873341239914497
1239873343773278208
1239873343798599680
1239873355068641280
1239873356800851968
1239873360487686150
1239873373150183424
1239873380993716224
1239873414715846658
1239873417307803648
1239873418289451008
1239873422206930944
1239873430117285890
1239873430213685248
1239873435397959680
1239873439692800002
1239873447771213824
1239873448526168064
1239873451906740224
1239873454100418561
1239873460244860928
1239873470495961089
1239873477026422784
1239873477856788482
1239873485356314626
1239873487004553217
1239873498857775105
1239873501550596098
1239873502166970369
1239873506449543169
1239873508706062337
1239873516083662848
1239873517023346693
1239873520747917312
1239873529207836673
1239873529845334020
1239873537852178432
1239873547796918274
1239873557359783936
1239873578914533378
1239873593846054912
1239873594894811136
1239873597281370121
1239873600284512258
1239873603258257409
1239873612179337216
1239873632320598016
1239873633113251842
1239873644207263744
1239873647466000384
1239873658019106816
1239873663152926723
1239873663794544651
1239873670832623616
1239873670992089090
1239873678633865216
1239873681192398849
1239873683994247168
1239873685097312256
1239873696027770881
1239873698867208192
1239873711970361350
1239873713425862656
1239873729037062145
1239873731058520064
1239873734460223493
1239873736003604481
1239873739006902273
1239873745528827904
1239873749035384832
1239873752243924994
1239873753535954944
1239873758153719813
1239873762159407105
1239873780765405185
1239873782103367681
1239873783227441159
1239873784649330695
1239873787501387776
1239873797311705089
1239873822402252802
1239873825908678657
1239873842887249922
1239873852873859073
1239873854014664704
1239873855876972546
1239873863674036225
1239873866912206849
1239873877548740610
1239873879960510465
1239873885618790400
1239873900001013760
1239873911199657986
1239873914437853184
1239873917117960192
1239873919042981888
1239873919550664705
1239873930346795008
1239873930954829825
1239873936378060805
1239873939704176640
1239873943202381829
1239873946692050949
1239873958197018636
1239873962869317632
1239873967273299969
1239873971127902209
1239873981936631808
1239873984633634818
1239873994557403138
1239873996352393216
1239874001838587905
1239874020788625409
1239874027260436480
1239874030410309635
1239874037167403008
1239874039587405824
1239874040883556352
1239874041965694976
1239874047334395904
1239874056423444481
1239874067475333120
1239874075134214144
1239874075671085058
1239874076572778498
1239874078250602497
1239874081379553280
1239874083568914435
1239874084487311360
1239874093983215616
1239874096143482882
1239874096982298629
1239874105320431616
1239874109615439872
1239874117727387649
1239874118457217026
1239874118482366464
1239874119274987520
1239874122362085377
1239874126627475456
1239874139273355264
1239874140007469056
1239874145866973187
1239874151244009475
1239874154590957570
1239874159435567106
1239874161108975617
1239874172798382080
1239874184244793344
1239874186593656838
1239874187759673346
1239874190208946178
1239874193170280448
1239874201122553856
1239874206634053632
1239874210576523264
1239874210874429441
1239874216528396290
1239874216905699328
1239874221729370115
1239874223075704833
1239874223948140550
1239874225189433347
1239874231372001280
1239874238741467136
1239874252787953666
1239874253631225862
1239874259985608708
1239874263135293442
1239874266520223745
1239874267338113029
1239874268349050880
1239874272430043138
1239874273642045448
1239874274833260545
1239874275382829063
1239874288431304704
1239874290729836544
1239874295456600064
1239874298677993473
1239874305019781120
1239874315971166208
1239874320538710016
1239874340889427971
1239874345356472320
1239874349097762816
1239874350502854658
1239874350767112192
1239874352071561216
1239874353497587712
1239874358753087488
1239874361517051905
1239874367393271809
1239874370106949637
1239874376729874432
1239874378738946048
1239874380886245377
1239874381154828288
1239874387064393728
1239874392802226176
1239874393381232640
1239874394270232576
1239874401576914944
1239874404450021377
1239874410150088704
1239874410456236032
1239874411123150849
1239874418450391040
1239874418962247680
1239874419692056576
1239874428135067656
1239874432027357185
1239874451346542592
1239874453556940801
1239874457503744010
1239874466773073920
1239874471999275009
1239874474566172672
1239874476348780544
1239874482187223041
1239874484406030336
1239874487279071244
1239874507696898050
1239874510351929344
1239874514042990593
1239874518707048453
1239874520611258379
1239874526189666304
1239874533961748480
1239874543600013317
1239874556971474945
1239874558519369730
1239874559215431681
1239874566585036801
1239874576395444226
1239874576663838720
1239874578979184640
1239874592245723136
1239874592350625792
1239874596305637376
1239874597966807040
1239874598017122304
1239874604694474758
1239874620812972032
1239874621610110977
1239874621702320129
1239874623845646337
1239874630615212032
1239874631575756801
1239874633349959681
1239874638982918144
1239874649208561664
1239874650449965057
1239874651322322944
1239874656267571201
1239874661254643712
1239874666447200257
1239874666774159361
1239874686378545153
1239874695949934594
1239874706305679360
1239874709841276928
1239874709904338944
1239874711468814336
1239874714551619590
1239874714983677952
1239874716330078208
1239874717156347904
1239874726387949568
1239874734407499776
1239874737431511040
1239874740849987584
1239874743198760960
1239874757878853632
1239874760500264962
1239874761393688577
1239874767152386050
1239874770059091968
1239874778200227840
1239874779810803717
1239874786131656704
1239874786844696579
1239874790929739777
1239874793807269888
1239874797145858048
1239874798735577089
1239874808721993728
1239874810479620096
1239874812316545024
1239874820638195712
1239874828372492288
1239874848270106629
1239874856386285568
1239874864703471616
1239874873436012547
1239874873889095685
1239874877382950918
1239874877387046913
1239874879513657344
1239874883695382528
1239874885951815681
1239874888288079872
1239874891773620225
1239874901617414145
1239874918294134785
1239874921972588545
1239874925524971520
1239874944667774981
1239874952364462080
1239874955338276864
1239874972513902593
1239874982194356226
1239874983209447424
1239874992709308416
1239874997637783553
1239875000959729666
1239875005556633601
1239875005741072384
1239875009709051905
1239875015669153792
1239875017560784898
1239875023483154434
1239875023881601024
1239875026679140352
1239875032245047296
1239875043678539777
1239875045327069187
1239875058010435584
1239875088297504770
1239875090038153217
1239875092332642307
1239875094459092992
1239875097873260547
1239875099462979584
1239875103178887169
1239875130903474176
1239875135122923525
1239875139753390080
1239875140822994945
1239875140860682245
1239875146774646784
1239875150067249152
1239875163983921152
1239875165728669696
1239875167041576966
1239875185680891905
1239875185710432256
1239875187170050048
1239875190667890689
1239875191527714816
1239875195545866240
1239875201430683649
1239875204463067137
1239875209727016961
1239875214936334336
1239875216462860288
1239875225715716096
1239875231562506245
1239875251703439361
1239875253410693127
1239875265825837056
1239875266995871744
1239875269139337217
1239875270083055618
1239875271840464897
1239875274956771334
1239875282359599105
1239875294623944706
1239875297794760710
1239875301372559361
1239875305302622209
1239875307185885184
1239875308360282112
1239875310327336961
1239875317780680705
1239875321240997888
1239875324290228225
1239875330074124290
1239875337506430977
1239875354485051394
1239875367629983744
1239875374403600385
1239875376630857736
1239875376748298243
1239875379008921601
1239875383094280192
1239875391621402624
1239875392326033408
1239875396532940800
1239875406641221635
1239875408939679744
1239875408943874048
1239875420243267586
1239875421702959144
1239875423217033217
1239875425070977024
1239875432222244865
1239875433996398592
1239875435799826433
1239875439801163779
1239875440002699265
1239875456158990336
1239875460156338177
1239875467282432002
1239875472269299712
1239875485980647424
1239875490468573187
1239875493559754753
1239875494214017024
1239875500597825539
1239875501075738624
1239875505186365440
1239875505660321793
1239875505727422465
1239875512698318850
1239875514262859777
1239875514782842883
1239875520512303106
1239875521527386112
1239875526057013248
1239875531593650176
1239875539986518018
1239875540376379392
1239875542079410179
1239875554314276864
1239875557833224193
1239875559661768704
1239875562199552001
1239875567677247489
1239875569694670849
1239875574895644674
1239875576695062533
1239875579064745988
1239875580125904896
1239875596215296000
1239875600090718208
1239875602284511232
1239875602653630464
1239875610467581952
1239875658836254725
1239875658920140803
1239875664465051656
1239875674375991297
1239875679560368130
1239875684912132097
1239875688687173632
1239875692680155136
1239875696379428864
1239875699881791488
1239875704440803330
1239875704663097348
1239875712741527555
1239875721712906240
1239875725471223808
1239875728981643266
1239875736174985216
1239875741426335750
1239875756932595712
1239875759231004682
1239875766499700736
1239875767854604299
1239875774800211968
1239875776985456641
1239875777728073729
1239875782807175169
1239875788633243649
1239875791707492352
1239875798816845824
1239875807389954056
1239875810548383745
1239875833646505985
1239875845038190593
1239875856014675970
1239875857872633857
1239875861987426306
1239875867586723842
1239875877141430275
1239875886893203456
1239875895797510144
1239875899048235008
1239875906497323008
1239875912713277440
1239875914445598720
1239875929364508680
1239875932963385354
1239875935316443137
1239875943717634051
1239875952450187264
1239875952911486976
1239875953876180993
1239875961769693184
1239875964030640129
1239875967847469056
1239875974080020480
1239875983295086592
1239875983974465537
1239875988269543427
1239875990748364805
1239875998457487362
1239876001926123522
1239876002404278272
1239876010671300611
1239876011476553729
1239876015452827650
1239876020125216769
1239876020288831488
1239876021874077698
1239876025934401543
1239876029688119296
1239876030401261577
1239876037573365760
1239876049892237312
1239876051024527360
1239876051343478784
1239876051540549633
1239876051599159301
1239876055726542849
1239876068766433280
1239876069521371136
1239876077092327426
1239876080447770625
1239876090115563522
1239876091130654721
1239876093294694400
1239876095689789440
1239876112357957632
1239876119316197377
1239876121702862850
1239876122864582656
1239876123066064896
1239876131886596097
1239876151646064641
1239876156209463296
1239876168121225218
1239876168570015744
1239876173800312834
1239876182558081025
1239876196139139072
1239876204355878912
1239876205408661505
1239876217152704512
1239876221527298048
1239876223603314688
1239876231748698112
1239876235003490304
1239876241139945473
1239876247687180288
1239876256377835520
1239876259905232897
1239876268105048064
1239876268562186243
1239876268843307008
1239876269891821569
1239876271154147330
1239876273800982529
1239876275612852229
1239876278129438727
1239876282470498305
1239876286081912833
1239876300359241729
1239876302074720256
1239876302951325696
1239876303379103746
1239876305312722944
1239876310937337862
1239876314682789889
1239876319933919233
1239876326523318272
1239876327324430337
1239876329362907136
1239876334693888003
1239876338594353153
1239876342541357060
1239876342830837761
1239876349461958656
1239876354289496068
1239876364666363904
1239876371981221888
1239876374048821249
1239876374682316801
1239876393925775360
1239876401093844998
1239876422543368192
1239876429275422720
1239876430391017472
1239876443141799937
1239876444018208768
1239876447403048961
1239876455741272064
1239876467653312512
1239876479875297280
1239876498145923072
1239876499462815746
1239876503166488576
1239876505972375554
1239876512561553408
1239876515749171201
1239876521436774400
1239876525442260992
1239876532773851137
1239876536808771585
1239876556186701824
1239876561182097411
1239876567507009541
1239876572456333312
1239876576529039360
1239876577715990530
1239876578278100992
1239876580274515970
1239876580706484224
1239876581377617922
1239876585613856768
1239876589271175168
1239876590202286086
1239876596305137670
1239876598356033537
1239876599224373250
1239876613728321537
1239876620531499008
1239876621995249665
1239876627091374081
1239876632128540672
1239876632451694593
1239876634955534337
1239876635047985152
1239876635089948672
1239876635853283329
1239876636167696386
1239876636197052416
1239876636218200065
1239876636557729792
1239876638122352641
1239876639376445443
1239876642165551104
1239876643960881152
1239876644686499840
1239876650285903873
1239876656434745345
1239876656862564352
1239876659626553344
1239876662994644993
1239876664038998017
1239876664076591106
1239876670619897856
1239876670875631616
1239876671370670082
1239876674638004224
1239876681508282370
1239876683072770049
1239876684779786242
1239876686809829376
1239876687074074625
1239876687896039425
1239876688873492491
1239876693709541377
1239876697236832256
1239876702752378887
1239876705537359874
1239876710771888129
1239876724084445185
1239876724747354112
1239876726206988289
1239876730170548224
1239876730619396096
1239876732712353793
1239876733937074176
1239876735669350400
1239876738747949061
1239876744057950208
1239876745916014593
1239876747694399488
1239876752630898689
1239876757337096199
1239876762957381634
1239876763548819457
1239876766761656320
1239876766832918528
1239876769290878976
1239876788588855296
1239876788685344770
1239876792476790786
1239876801360355329
1239876808612491264
1239876808729923586
1239876825309986817
1239876826480226305
1239876827180609536
1239876829915361280
1239876832704462848
1239876842024103936
1239876851117547521
1239876862420996102
1239876866867113984
1239876887012421633
1239876888157466626
1239876889113694209
1239876890392965120
1239876895841218560
1239876897011404802
1239876904322285568
1239876909044871169
1239876911976697856
1239876914078072832
1239876923385196546
1239876926421917698
1239876927562924032
1239876933699207168
1239876934580002818
1239876936287105025
1239876937004322820
1239876938220605440
1239876941475393538
1239876944025567232
1239876953940922378
1239876954607751170
1239876958562942976
1239876958676291590
1239876960173592576
1239876962249736193
1239876977638518784
1239876980062990336
1239876981740593152
1239876987339935745
1239876992977326082
1239877012254273542
1239877013621661696
1239877015626489857
1239877027748028418
1239877050858602497
1239877055464050689
1239877059112890370
1239877062975864837
1239877074560724993
1239877076188123136
1239877076515262464
1239877082299224064
1239877092763783170
1239877100040945664
1239877106588409856
1239877108907868160
1239877109335670786
1239877110925312001
1239877112951078913
1239877118063824896
1239877134325293056
1239877139484336130
1239877140545286144
1239877140708917248
1239877153442934784
1239877154051166209
1239877162460684288
1239877165358944259
1239877167732776960
1239877172803670016
1239877184002686976
1239877189673160704
1239877191539650560
1239877193640996865
1239877197374132225
1239877200465334277
1239877212238745600
1239877219691851777
1239877223529631744
1239877223542394880
1239877225006206977
1239877225127858177
1239877225811447809
1239877229439524864
1239877231272497152
1239877235672219648
1239877236444008448
1239877248141967361
1239877248737394688
1239877255381143553
1239877262431879168
1239877268018692096
1239877277716041730
1239877279259320320
1239877279876087809
1239877283726295040
1239877286230396928
1239877288658792449
1239877294757490688
1239877304492462080
1239877308535595008
1239877320300793857
1239877322435465216
1239877328857169922
1239877328970244096
1239877331658969088
1239877338516598785
1239877354547273728
1239877375392911360
1239877376986828801
1239877381789286400
1239877386759331843
1239877390022725632
1239877394707517442
1239877401158574081
1239877402840297473
1239877415171551233
1239877421324734465
1239877421333123072
1239877422075580417
1239877427163279360
1239877431986659330
1239877442006810627
1239877451607670784
1239877466623262720
1239877466954649600
1239877467554316289
1239877477696253952
1239877479679922177
1239877480275750912
1239877482834063360
1239877492044894208
1239877498491539458
1239877501419237384
1239877505408000001
1239877510344642560
1239877520759164934
1239877531467051010
1239877535195938816
1239877538521976832
1239877544087662592
1239877553201876992
1239877557593559042
1239877558553980928
1239877559376130049
1239877564379824133
1239877569488486400
1239877571975606276
1239877574161022977
1239877575540912130
1239877575566077952
1239877580548968448
1239877582893563904
1239877590183284738
1239877590573363201
1239877590883729408
1239877591139573761
1239877592997679105
1239877594935431173
1239877597934366721
1239877598819299330
1239877606108991491
1239877608751403009
1239877616988901376
1239877621002969088
1239877624157143041
1239877630070935552
1239877638828802048
1239877641726918656
1239877657665376256
1239877659271794688
1239877659401822208
1239877669816238081
1239877681556140032
1239877683158364161
1239877698476015617
1239877702703894530
1239877704851357696
1239877705631481859
1239877707107676161
1239877707346804736
1239877720072486912
1239877720315777029
1239877728460869632
1239877731673751552
1239877744164470786
1239877757909241856
1239877758278402050
1239877763974213634
1239877777433808900
1239877779484594178
1239877779602182145
1239877784329162752
1239877785943932934
1239877787361529856
1239877787646922752
1239877796576604160
1239877804948443136
1239877817464061956
1239877821457145856
1239877821532704768
1239877827878584321
1239877827882700801
1239877834144964608
1239877843506561025
1239877861730893824
1239877862305521664
1239877863681282048
1239877866738855942
1239877868680810496
1239877871113469955
1239877874481614850
1239877888318435329
1239877892416458752
1239877893339205632
1239877904332476416
1239877906706259973
1239877908707098627
1239877915283722242
1239877915409596416
1239877918572056576
1239877919490691078
1239877921646485506
1239877924783824897
1239877927069716480
1239877929364066307
1239877929749839883
1239877938310455299
1239877944824209410
1239877945403019266
1239877956039827456
1239877958225080320
1239877978437238785
1239877979087331328
1239877990554546177
1239877993956245504
1239877995352821761
1239877997219512324
1239878019981942785
1239878021810544640
1239878024629190657
1239878034867417088
1239878042648002560
1239878049132212224
1239878052684992515
1239878053511208962
1239878061149097984
1239878067251789825
1239878084586885121
1239878096813060099
1239878098453028870
1239878107173183488
1239878112461983745
1239878114722840576
1239878115335290880
1239878121303785473
1239878121609969670
1239878123233165312
1239878126542315524
1239878140316413954
1239878146423435264
1239878147082006529
1239878153172025344
1239878164823691264
1239878168191918081
1239878172562395136
1239878175510925313
1239878182741868544
1239878187099787265
1239878188177768448
1239878197459718145
1239878204103540736
1239878206066434053
1239878216346529792
1239878223850332160
1239878225032966144
1239878229839806465
1239878231630675969
1239878236026195969
1239878236940705792
1239878240887386113
1239878249582338048
1239878252686008320
1239878253348892674
1239878254359691265
1239878256804818944
1239878258365214722
1239878259073925120
1239878264656728069
1239878267546583040
1239878268301516800
1239878269283041281
1239878272445489154
1239878276446932992
1239878280867647488
1239878281316483072
1239878283417849856
1239878286928478213
1239878293509361665
1239878303173001216
1239878304695533568
1239878309305094144
1239878309397364736
1239878318272524288
1239878319241400321
1239878325037924359
1239878340900581379
1239878348114976768
1239878352162390016
1239878358663606273
1239878358789390336
1239878359867437058
1239878360022605826
1239878361444425728
1239878363679846400
1239878370894241792
1239878371292708865
1239878372974571521
1239878379983097856
1239878392947675141
1239878396760543232
1239878399675568128
1239878404591300608
1239878409221582848
1239878411667070976
1239878421439799299
1239878425646641152
1239878444210585600
1239878454280998912
1239878454516072448
1239878460010565632
1239878468617338881
1239878472325050370
1239878480462045185
1239878481481261062
1239878485616791552
1239878500573753344
1239878501781700608
1239878503241220097
1239878505241944065
1239878506210897921
1239878507729207298
1239878516306518022
1239878521876602880
1239878524959424515
1239878525416546304
1239878528503554055
1239878535143206912
1239878538616061958
1239878564704669696
1239878573491716097
1239878582190686209
1239878588037582849
1239878595151122435
1239878599919968256
1239878604021886976
1239878605913690113
1239878633612771329
1239878638788468736
1239878644719370240
1239878657486630912
1239878659969777666
1239878661467070464
1239878662981398529
1239878665430880256
1239878671231414272
1239878675174211584
1239878682535026689
1239878688646352896
1239878694975549442
1239878709852725248
1239878723077386240
1239878730744397826
1239878734288748546
1239878737463848960
1239878738411532288
1239878741280452608
1239878761946001409
1239878771269763072
1239878781721956353
1239878783521390593
1239878784041484291
1239878787325661191
1239878787543609344
1239878800449638400
1239878807789670400
1239878820619935745
1239878827892822016
1239878828475838465
1239878829323280384
1239878841482579968
1239878848327671810
1239878849720201226
1239878850084917250
1239878856858906625
1239878865301823488
1239878866115555328
1239878869139599364
1239878876219813889
1239878896675422208
1239878899103866880
1239878899321860096
1239878899624030208
1239878909262532615
1239878914069221376
1239878920431788032
1239878928019468289
1239878928635920384
1239878929814618112
1239878946356936704
1239878948311519232
1239878952803610625
1239878953072017413
1239878954439397377
1239878961036955649
1239878962609782786
1239878963146735618
1239878979210919938
1239878988266381321
1239878994981457920
1239878996332077056
1239878996361465856
1239879004544516096
1239879005798465536
1239879021850177537
1239879025662873600
1239879033581535238
1239879043677380608
1239879052569260045
1239879054012092417
1239879056289603589
1239879056855838720
1239879062786539522
1239879064980271104
1239879069564452868
1239879071695323137
1239879072660049920
1239879081421950977
1239879085293264896
1239879094092754950
1239879094453571591
1239879094755524608
1239879095795712001
1239879096802390016
1239879098974916610
1239879101135179777
1239879109184020484
1239879115844587520
1239879117157400577
1239879117945913345
1239879119720062976
1239879120412012555
1239879127928311809
1239879131954896896
1239879133330657280
1239879135285182465
1239879140049854464
1239879148258148352
1239879148346146816
1239879149801611264
1239879153517723648
1239879153685532672
1239879156915220480
1239879161113690112
1239879165853089793
1239879174124376065
1239879180600389633
1239879183339122689
1239879188187881473
1239879196828225537
1239879201982840832
1239879206177312772
1239879206785495042
1239879215387791360
1239879215400574977
1239879219783651328
1239879226024574976
1239879229455642624
1239879243242356739
1239879243674329089
1239879246472007685
1239879251370876929
1239879252809584640
1239879262439702529
1239879275303653377
1239879277090390021
1239879286431133696
1239879286951219201
1239879290671390720
1239879291472457729
1239879303678111745
1239879312184086531
1239879313509494785
1239879315774410752
1239879322099425280
1239879323093479424
1239879323949117440
1239879341896417280
1239879345541447682
1239879348280123392
1239879348997574656
1239879356245213184
1239879361555095552
1239879369176342529
1239879372217122817
1239879376071577600
1239879381574545410
1239879389329993728
1239879390407856128
1239879391699767296
1239879397563342849
1239879399144595456
1239879402730725376
1239879410569773056
1239879414680186882
1239879417532481536
1239879418790785024
1239879434439720962
1239879443297992704
1239879473937256448
1239879473966788608
1239879483198447616
1239879499241656322
1239879511166136320
1239879511212204034
1239879512315367424
1239879512734736385
1239879515339239429
1239879526039027712
1239879528345821184
1239879529570742275
1239879530476535810
1239879532322095105
1239879532699516928
1239879534918406144
1239879542094925825
1239879545353879557
1239879559757037575
1239879566698610688
1239879585996705792
1239879587687006210
1239879589721063424
1239879589909889024
1239879590102872064
1239879590446690304
1239879595962368000
1239879600836153344
1239879629789450241
1239879630003339265
1239879632704454658
1239879640828784640
1239879643668402178
1239879647162175488
1239879652983934976
1239879654711885824
1239879654783291392
1239879662660014081
1239879667479281664
1239879672080535552
1239879673733152768
1239879676765581312
1239879679668035589
1239879681538756609
1239879685846138881
1239879697695223808
1239879699251318785
1239879702296182784
1239879704250732544
1239879708612968448
1239879713901993985
1239879714170437633
1239879718796701698
1239879718863806466
1239879721929846784
1239879722961682432
1239879723641159681
1239879726182924296
1239879735246753792
1239879754968432646
1239879758856572928
1239879760504852481
1239879761842843650
1239879776954765313
1239879778544607237
1239879778678779904
1239879789751738369
1239879792561979393
1239879794914996224
1239879801525211136
1239879802166935553
1239879810718949377
1239879810924589056
1239879817065123840
1239879817878781953
1239879819816505346
1239879822861635587
1239879824006668288
1239879832512745472
1239879833116725249
1239879833204731904
1239879838674104322
1239879839622053889
1239879855166152705
1239879860752920577
1239879874980057090
1239879875311386624
1239879889102069760
1239879891816009728
1239879893246259200
1239879893372088320
1239879896156913665
1239879901274128385
1239879903866208256
1239879916772036609
1239879925542326274
1239879936527212544
1239879939265933315
1239879943896485888
1239879946656288768
1239879946761146368
1239879947226841094
1239879951869980672
1239879958064816128
1239879962053746689
1239879968911474691
1239879978747133953
1239879979980054528
1239879985147625472
1239879986485628929
1239879988058427397
1239879990025629696
1239879998338719748
1239879999898947585
1239880000003850240
1239880006710505472
1239880006752296962
1239880006999904256
1239880010720325632
1239880010959388672
1239880014809591808
1239880021780713472
1239880026419417089
1239880027728220160
1239880028701294593
1239880034937999360
1239880035449761792
1239880041443573760
1239880043637153797
1239880043792343041
1239880044115193856
1239880049790255104
1239880055041466368
1239880061236514817
1239880066927976448
1239880087522213888
1239880100033761280
1239880107222880257
1239880115443687425
1239880115514793985
1239880120401264640
1239880124318781440
1239880127649132546
1239880128550916096
1239880133386874882
1239880133978267649
1239880137832710145
1239880138810155008
1239880141167308800
1239880142429671424
1239880143134437376
1239880144371646466
1239880148620541954
1239880148628971526
1239880156438814720
1239880157386756097
1239880160343732229
1239880168702959619
1239880171517329408
1239880179670847489
1239880181025607680
1239880185694097408
1239880191276548096
1239880193386278913
1239880198650241026
1239880199119998977
1239880199413661696
1239880202848743427
1239880204362887173
1239880207688925184
1239880210172055554
1239880216522211329
1239880218602549249
1239880220548558848
1239880221668540416
1239880236763877376
1239880245156642816
1239880249833373697
1239880252706471936
1239880254304419842
1239880255671644160
1239880256401682439
1239880261233520642
1239880261342507009
1239880261409570816
1239880264005881860
1239880275649269760
1239880280619593728
1239880288332898304
1239880291944140805
1239880295752634370
1239880301859549184
1239880322918928384
1239880329932005377
1239880339021008896
1239880340845535242
1239880342779109377
1239880352073527296
1239880357136273408
1239880361141850112
1239880362928394240
1239880367659720705
1239880368343240704
1239880373296906240
1239880374974480384
1239880375679291392
1239880377231118340
1239880377625268224
1239880386299207680
1239880390925524992
1239880393744101378
1239880398118825984
1239880404078747648
1239880404661874694
1239880404796137473
1239880412039655426
1239880415009280000
1239880415697145858
1239880417693532161
1239880422860951553
1239880430347866114
1239880432067530752
1239880432189157376
1239880434902802434
1239880441034878978
1239880442456805378
1239880443979345920
1239880449209643013
1239880452908990465
1239880457988313091
1239880468687962112
1239880469774245890
1239880471091216384
1239880483514744832
1239880489894391813
1239880492943622145
1239880499054731265
1239880507283759104
1239880510987526145
1239880518935752711
1239880519061573632
1239880523654332416
1239880526913253377
1239880534593089537
1239880535050088448
1239880543833075712
1239880556076294146
1239880562728460288
1239880563269332993
1239880567413510144
1239880569510662144
1239880574204026880
1239880578239004677
1239880579182714880
1239880584102633473
1239880584434003974
1239880587780947970
1239880589303590912
1239880589664280576
1239880592885338115
1239880601295036416
1239880606080806915
1239880608932933633
1239880617157853185
1239880621364621312
1239880647067435008
1239880665455366145
1239880683935297538
1239880703283691523
1239880706601279490
1239880712293146626
1239880716252372992
1239880722615128066
1239880723525443587
1239880724150456321
1239880729917566976
1239880742781493249
1239880745864368133
1239880747974119424
1239880752218509313
1239880756866023424
1239880759193862144
1239880759655239686
1239880764306620417
1239880768169656320
1239880773005541377
1239880796263059460
1239880798720806912
1239880802818838528
1239880803934494720
1239880805578661888
1239880810200739841
1239880816060178433
1239880822452375553
1239880822968254464
1239880823270191104
1239880834078986242
1239880839233556483
1239880843776208900
1239880843805384710
1239880844392763392
1239880847161004032
1239880851841863680
1239880853976735745
1239880863833260032
1239880872205012992
1239880872305754114
1239880876072239105
1239880876856500224
1239880877363957770
1239880880279162886
1239880882988728322
1239880883789856768
1239880885115248640
1239880892480454657
1239880896817184768
1239880900797583360
1239880901309407232
1239880907927977984
1239880914806718465
1239880932288585728
1239880938332606464
1239880939712495616
1239880948436668417
1239880950378569728
1239880955059412995
1239880956137189376
1239880958787981313
1239880965541048321
1239880969294876672
1239880986399322112
1239880988785811456
1239880989364629504
1239880997526781963
1239880999061860352
1239881000127209472
1239881010357178369
1239881013599199232
1239881015671152640
1239881024747732993
1239881027360886786
1239881028111646720
1239881028891635712
1239881028958695424
1239881032721039360
1239881039431991298
1239881040128282625
1239881044330835968
1239881047749332994
1239881056565641216
1239881079848423424
1239881082117521409
1239881089151369217
1239881089591672833
1239881089960689664
1239881094637301762
1239881103051284481
1239881104896606208
1239881113536851968
1239881115466379264
1239881119429992449
1239881128598622208
1239881156721442817
1239881164661444613
1239881170487148544
1239881172429107202
1239881179614121986
1239881182487220224
1239881196013850624
1239881197414764546
1239881204289200129
1239881215915823104
1239881217777991680
1239881222161121281
1239881241740148736
1239881243807932416
1239881247482134530
1239881249491243011
1239881253169569797
1239881256206286853
1239881258089488385
1239881259406569473
1239881262195773441
1239881274006949888
1239881275156111362
1239881284563894272
1239881285818089473
1239881286862471171
1239881289739776003
1239881305531260929
1239881305547870208
1239881308232454149
1239881314725031936
1239881316277108736
1239881320550912000
1239881329770205185
1239881338473402370
1239881352000004104
1239881352486498304
1239881354126467074
1239881355204481026
1239881369343397889
1239881382127599618
1239881382190604288
1239881384057024516
1239881396329603072
1239881396581289984
1239881396769812480
1239881400272158721
1239881407327080448
1239881409067732993
1239881417762279424
1239881431041675266
1239881434560638977
1239881438121558016
1239881438461333504
1239881441166557184
1239881449484009472
1239881452776554496
1239881454252892167
1239881456958287872
1239881466793738241
1239881481641738240
1239881482036019200
1239881490340524032
1239881515120590849
1239881516282531840
1239881516701843456
1239881521311502337
1239881543591563264
1239881552286363650
1239881556170141696
1239881559173464066
1239881563040616450
1239881570598576129
1239881583609470976
1239881590534275073
1239881591377272832
1239881610117492738
1239881613753888768
1239881617444921344
1239881618841575424
1239881625498005504
1239881625879674880
1239881643063685121
1239881651037093889
1239881651775082496
1239881652186124288
1239881655344652289
1239881661468344321
1239881668053413889
1239881680292319237
1239881689662468096
1239881698214653952
1239881702551564288
1239881707920261120
1239881712567386113
1239881714006208513
1239881723116163072
1239881724126998529
1239881725657792513
1239881726127718401
1239881733748621314
1239881735195762689
1239881739457224705
1239881744469409792
1239881756867608576
1239881760449560576
1239881760663638016
1239881760848084999
1239881763482189826
1239881766518677505
1239881768716689409
1239881770104958978
1239881772814364673
1239881782402732032
1239881786290843652
1239881788098523136
1239881788257751042
1239881788463501312
1239881792456458240
1239881793333080064
1239881793341399040
1239881797468651520
1239881800912179201
1239881804405932033
1239881805140033536
1239881805617958915
1239881808268886021
1239881812094132224
1239881820516298752
1239881820906221568
1239881823057932289
1239881827105398784
1239881830624624640
1239881833430515712
1239881834282000388
1239881837054291968
1239881838367322113
1239881841122959361
1239881847112437770
1239881850526396416
1239881859741466626
1239881865642872832
1239881866376773633
1239881867542908929
1239881871191871493
1239881883007287298
1239881887902031872
1239881890255028224
1239881893740531719
1239881918944083968
1239881919778762757
1239881921233993728
1239881921502621699
1239881930591485952
1239881932080590850
1239881934559416320
1239881935691923456
1239881944516550656
1239881947490418688
1239881947674861569
1239881948056522754
1239881948140453895
1239881950795612161
1239881964854837254
1239881969330032640
1239881972371030016
1239881973440577542
1239881984375209992
1239881991153057792
1239881993653018625
1239881993975889920
1239881998186971136
1239881998958833665
1239881999650705409
1239882008605724674
1239882011050999808
1239882012988551174
1239882017715769347
1239882019800264706
1239882028272816129
1239882030499987457
1239882033897377792
1239882033981059073
1239882045905498112
1239882046480187397
1239882066277384194
1239882078155464707
1239882080563032065
1239882083331235846
1239882095943696387
1239882100343332864
1239882106710503426
1239882107301687296
1239882115526918149
1239882121096953856
1239882122510336000
1239882123923918849
1239882124142022657
1239882125664452609
1239882126301986816
1239882128734801920
1239882129439444992
1239882135206604801
1239882148481511425
1239882154621927424
1239882156907905025
1239882159302770693
1239882160808415232
1239882171944505344
1239882173550919680
1239882178315591681
1239882181125779456
1239882183734509568
1239882187983319040
1239882195310989320
1239882197026451457
1239882198993514497
1239882213128318977
1239882214021771265
1239882214252429312
1239882220325736448
1239882224515850241
1239882227825205249
1239882235169271810
1239882242442182656
1239882243851632640
1239882254438010881
1239882258124656641
1239882260792344578
1239882261148897281
1239882261710995456
1239882262205743104
1239882263074045953
1239882267960500227
1239882274360958981
1239882280698593280
1239882288034439169
1239882289720561667
1239882290223865856
1239882294023708678
1239882298784468992
1239882309953712128
1239882312231325697
1239882315817353217
1239882322389786624
1239882325955051529
1239882335987937285
1239882337606930434
1239882340584824832
1239882342656696320
1239882344607211520
1239882349652979713
1239882352270217216
1239882353243119616
1239882362164412417
1239882363854872576
1239882374323855360
1239882375829454849
1239882379029872641
1239882407202951173
1239882412731109376
1239882414115049476
1239882416027811841
1239882434293854210
1239882437460541441
1239882438991654912
1239882447099133955
1239882468607447040
1239882473326227456
1239882480078983168
1239882491852447744
1239882495354638336
1239882502292021249
1239882504594735104
1239882506196918272
1239882510919774208
1239882513780109313
1239882514803630081
1239882518591127552
1239882518880542721
1239882523351625731
1239882552862740483
1239882553726775296
1239882553831505920
1239882556457312258
1239882557698834432
1239882572210954245
1239882572508864516
1239882582894022656
1239882585720999941
1239882591681077249
1239882606260432900
1239882617555582977
1239882625394892800
1239882629240860672
1239882635335348226
1239882636497162241
1239882638141190144
1239882638879608834
1239882645904842752
1239882652985036800
1239882657313501184
1239882663168626689
1239882664187809792
1239882677102071808
1239882681225056261
1239882684182278144
1239882684329005058
1239882688518959105
1239882693833261058
1239882695867609088
1239882712741302273
1239882720383086598
1239882722987798532
1239882732546797568
1239882740880867334
1239882745184223233
1239882746664755203
1239882748090888193
1239882756961767426
1239882760233160704
1239882762561245186
1239882765497139200
1239882765543387142
1239882765690122241
1239882771205459969
1239882775865376768
1239882781833879552
1239882786632339456
1239882790889545728
1239882793129250817
1239882794819600384
1239882807976947712
1239882811823267847
1239882813651984385
1239882816323756032
1239882816365592578
1239882819377205248
1239882826042028032
1239882832467693569
1239882834254254081
1239882838922661888
1239882843318366210
1239882849466994688
1239882850402537472
1239882859177000962
1239882884061835264
1239882884783255552
1239882886721003520
1239882893960318977
1239882898066550785
1239882905029152768
1239882905196822535
1239882907801583616
1239882920011214849
1239882920904589312
1239882930748641282
1239882932497649664
1239882935001481216
1239882938432532480
1239882939833278466
1239882946506416129
1239882953477500931
1239882955029389313
1239882955629170689
1239882957348888576
1239882964156272640
1239882964252659713
1239882973249495041
1239882976227442688
1239882976713945093
1239882989955362816
1239882993612869633
1239883001045098496
1239883013498048512
1239883015284801541
1239883030484979717
1239883031214731265
1239883036235358211
1239883038630146048
1239883043772350465
1239883050999218177
1239883054543450112
1239883055017402375
1239883055793397762
1239883068061749248
1239883068271480832
1239883070943236096
1239883071618457600
1239883078971113472
1239883087690887168
1239883095668654080
1239883095777710080
1239883097757437952
1239883109446934529
1239883109656559622
1239883113578127361
1239883126400094208
1239883143303356416
1239883147195662336
1239883167051337729
1239883184948404225
1239883204267556864
1239883205211291650
1239883235359932418
1239883238673240065
1239883239856144384
1239883244591595522
1239883246512623616
1239883246797590528
1239883247741325312
1239883252220833800
1239883257375862785
1239883262283132930
1239883262778105857
1239883267022692353
1239883268054450176
1239883272672272385
1239883272848470016
1239883276174704643
1239883282000629760
1239883291580301314
1239883293987704832
1239883294805721088
1239883297427263490
1239883297540448256
1239883311935356928
1239883312606388229
1239883312706883594
1239883321406087170
1239883323687817216
1239883324744560645
1239883327546556416
1239883327546556417
1239883328267878401
1239883344990670850
1239883349419794432
1239883349478395905
1239883355296014340
1239883355631558656
1239883365517582336
1239883365706354691
1239883373365153792
1239883376770850817
1239883386161946629
1239883395074797569
1239883400577781760
1239883402917982209
1239883410606305293
1239883411944341506
1239883414536404994
1239883419682852864
1239883421033336832
1239883421331132417
1239883423776415746
1239883426871816199
1239883438242648065
1239883439521902599
1239883439618363393
1239883441174384640
1239883441799299072
1239883444588593154
1239883444756385792
1239883446329184257
1239883450812968961
1239883453891579905
1239883467523067910
1239883467615330304
1239883468168888321
1239883490113531910
1239883490449149953
1239883495964577792
1239883496270598144
1239883505338900480
1239883509419905024
1239883509449154561
1239883514289491974
1239883518869676033
1239883525110841345
1239883535110025216
1239883539501518848
1239883540642385923
1239883546803630083
1239883547764297729
1239883549236436992
1239883550549106689
1239883553825001472
1239883564197367808
1239883564776390658
1239883566793674753
1239883567871733760
1239883580072816641
1239883583269089282
1239883594283151362
1239883603468668928
1239883612062957570
1239883613170282503
1239883617234378752
1239883620652691461
1239883620866764801
1239883622561308676
1239883630022807553
1239883637711147008
1239883641980936192
1239883652240035840
1239883657273278470
1239883660028809218
1239883662100795392
1239883669227143174
1239883674147061760
1239883674855899137
1239883678270001155
1239883681956839424
1239883683835887618
1239883686801215491
1239883698725502977
1239883702395600896
1239883707021955072
1239883719210610691
1239883722108764160
1239883736885399552
1239883752387547137
1239883763196342272
1239883772843130880
1239883775930183686
1239883777620488192
1239883778400505856
1239883779478519811
1239883781047230466
1239883784411111431
1239883789876236288
1239883795651854337
1239883797010747392
1239883798470438912
1239883808905875456
1239883809606295552
1239883816430219264
1239883820909957122
1239883828199645191
1239883842326081537
1239883858008514561
1239883860894195712
1239883864321019907
1239883867302981632
1239883871593861121
1239883873359745024
1239883876371247105
1239883879445663745
1239883880863158272
1239883886710140928
1239883891785097216
1239883902703079424
1239883914988175365
1239883916124831744
1239883923045351425
1239883923318018049
1239883927692566531
1239883927831150594
1239883931492761601
1239883936005750784
1239883937054445568
1239883941319823360
1239883948261609472
1239883948517396481
1239883950006419457
1239883960097722373
1239883963864408066
1239883965676179456
1239883969975537665
1239883973465010176
1239883975478386688
1239883979672584192
1239883979882405890
1239883984701730817
1239883984974168067
1239883985267896320
1239883987524476929
1239883993132253184
1239883993639784450
1239883999188856838
1239884000296042499
1239884001378213889
1239884004012298241
1239884009024430080
1239884011436154880
1239884017782132738
1239884019015221248
1239884024077787136
1239884033661820928
1239884052150304769
1239884052917653504
1239884055551901697
1239884057523228672
1239884061830594563
1239884062958985217
1239884063239999488
1239884063860809729
1239884064154419200
1239884066360451072
1239884076024283137
1239884083527847939
1239884091417387008
1239884100217057280
1239884101156573185
1239884101336936448
1239884102045765639
1239884107624087553
1239884107804479488
1239884113135403009
1239884118545952769
1239884121775710209
1239884138548772868
1239884139286786049
1239884139744178176
1239884146534539265
1239884153547567104
1239884156819013632
1239884158559825920
1239884163781623808
1239884165379735553
1239884165954170880
1239884169104236545
1239884173743177728
1239884175047405568
1239884180223393792
1239884182706425857
1239884182962110465