1239823786624430085
1239823787043860481
1239823787593306112
1239823787673006080
1239823787912290304
1239823788440682497
1239823788591599616
1239823788797132800
1239823788881010689
1239823789065732097
1239823789329801216
1239823801782874112
1239823802407714816
1239823807818477568
1239823807927455744
1239823808745349120
1239823818564218880
1239823824939618304
1239823837933559808
1239823840412303364
1239823842052157441
1239823851401498624
1239823853888647168
1239823857147666433
1239823860779724800
1239823863699161088
1239823866375090176
1239823871081172992
1239823871110295557
1239823871395663872
1239823872133935109
1239823874809909249
1239823887841529856
1239823898121777152
1239823898369241090
1239823903515725829
1239823903968628736
1239823906220851201
1239823925854580737
1239823932187979776
1239823933311979521
1239823937099292672
1239823943998959616
1239823955805892608
1239823955885785089
1239823959098564610
1239823961216765952
1239823963456524289
1239823986915065857
1239823999456047105
1239824000156647425
1239824008973094914
1239824009056997378
1239824017919483904
1239824019156807680
1239824019492352000
1239824027281170432
1239824028627599361
1239824033371193345
1239824035032301568
1239824064752963585
1239824070142722048
1239824070432219137
1239824075092119553
1239824084512505859
1239824091529519105
1239824094960537601
1239824099578273792
1239824099712499712
1239824125889327106
1239824138723676160
1239824142410498049
1239824144939626496
1239824150660816896
1239824152225177601
1239824167752654848
1239824168662839296
1239824189307092992
1239824191110746112
1239824194512326656
1239824199608422401
1239824219728306176
1239824221620129792
1239824224111538177
1239824226196115456
1239824226967629824
1239824231749300224
1239824233678561280
1239824234198601728
1239824248325070848
1239824251638644737
1239824261445029901
1239824262329856007
1239824271557320705
1239824275303010305
1239824278943453184
1239824297473896449
1239824297943633920
1239824300452065281
1239824313978703872
1239824328985739264
1239824331586191361
1239824335680012288
1239824344311910403
1239824345112776705
1239824345867980800
1239824346975277056
1239824351257677824
1239824368387022848
1239824370589032448
1239824370836652033
1239824373604847618
1239824379824889856
1239824396308475904
1239824398497894400
1239824401593327617
1239824433352708101
1239824434711556096
1239824441640505344
1239824453141434369
1239824469025107968
1239824475216060416
1239824487287160832
1239824491422908416
1239824491615789056
1239824505054179329
1239824516777459719
1239824518635491328
1239824530224427009
1239824549954441216
1239824553859100672
1239824565821476865
1239824569411809280
1239824570967715840
1239824575866851330
1239824576810561536
1239824595462418432
1239824605008683009
1239824608662093824
1239824623367270400
1239824624226955264
1239824629155483648
1239824632271626240
1239824634695921664
1239824639720861703
1239824644905074688
1239824659585138688
1239824668741128192
1239824708884811776
1239824711539986435
1239824721044275200
1239824740803469312
1239824763255578626
1239824768448200705
1239824778153861132
1239824795828715520
1239824805047816194
1239824811305639936
1239824823842476033
1239824843731845125
1239824856146837504
1239824867047825408
1239824874383839232
1239824881669361666
1239824892175863810
1239824901172674561
1239824904087908352
1239824909431422976
1239824911226540032
1239824918365310976
1239824950413766657
1239824952423002113
1239824952548888576
1239824971322425345
1239824978733862912
1239824999512289280
1239825008219680768
1239825028973244417
1239825038125060096
1239825044194418690
1239825050011758593
1239825071641952256
1239825072321228801
1239825074447888384
1239825086372331525
1239825095918583808
1239825098221199365
1239825098615513089
1239825106282536960
1239825112871981057
1239825113270251521
1239825117586362368
1239825121130364928
1239825130982756352
1239825132941496320
1239825149207011328
1239825160783331328
1239825163362975745
1239825190726631424
1239825201212375040
1239825211492413440
1239825217276588032
1239825221042860033
1239825224683618305
1239825229767155714
1239825231243550720
1239825301082800128
1239825303637315587
1239825319340711938
1239825325783203841
1239825334834528257
1239825336688230401
1239825337481138176
1239825338198183937
1239825355394945025
1239825371773706240
1239825375040909312
1239825377243078657
1239825383484207107
1239825383530409985
1239825409581019136
1239825420276695040
1239825422096855040
1239825427264409600
1239825432045903873
1239825444825968640
1239825460575391745
1239825460890152960
1239825468381106177
1239825469962362880
1239825473242267648
1239825476719435778
1239825478757711874
1239825483002511361
1239825484717973505
1239825488446701570
1239825498496061440
1239825530993680384
1239825532235083776
1239825533971521537
1239825537561812992
1239825555815448576
1239825556318887936
1239825559481241600
1239825571615367168
1239825600979898369
1239825601210601472
1239825611368960000
1239825616859521025
1239825636061036544
1239825638128644097
1239825638145613825
1239825658307633152
1239825660886970368
1239825663671955456
1239825665190432768
1239825667845427200
1239825676737433600
1239825700095430657
1239825705417895937
1239825722106982400
1239825735352631296
1239825740645847040
1239825746245361666
1239825774967836673
1239825805720662021
1239825806592884736
1239825813190688769
1239825816021798912
1239825822892032005
1239825823529566208
1239825829414092800
1239825835936362496
1239825837123178496
1239825846149492737
1239825846489284609
1239825847391002624
1239825848393441280
1239825852642312192
1239825854949019649
1239825886242697217
1239825890671882240
1239825902919245825
1239825905188569088
1239825909621968896
1239825915015766016
1239825918341918721
1239825918387826690
1239825920602656769
1239825923341316097
1239825927057608704
1239825932887580674
1239825936025104384
1239825939837661184
1239825942140219393
1239825945709686784
1239825945856323585
1239825958728843266
1239825979402575872
1239825980350296064
1239825987673653248
1239825994107834368
1239825999820402689
1239826011664961536
1239826024570945545
1239826036591747073
1239826043847897094
1239826056103825408
1239826057093459971
1239826064727310336
1239826065666633728
1239826098130571264
1239826100072484865
1239826114039525376
1239826131118739456
1239826167344979969
1239826167936495617
1239826188815618048
1239826197061632000
1239826208633880578
1239826208940048389
1239826209980047360
1239826214887362561
1239826216774860801
1239826217525587968
1239826224257662981
1239826235246739458
1239826259732987905
1239826267769274369
1239826286765375488
1239826302045163520
1239826303332708353
1239826306704932866
1239826312908414976
1239826331145089024
1239826333502488576
1239826345401569280
1239826349164040196
1239826355400908801
1239826365165142016
1239826378452860933
1239826393359429632
1239826399130718208
1239826404709195776
1239826406776934400
1239826414557265920
1239826419590598658
1239826440188833792
1239826453388124161
1239826458572251141
1239826466096975876
1239826477316624386
1239826489027198977
1239826489182470145
1239826505888342017
1239826531188387840
1239826538297561088
1239826543901323265
1239826544282890240
1239826557557829636
1239826562427609089
1239826600734208000
1239826604215406594
1239826611656110080
1239826612918550528
1239826619117649925
1239826620069875712
1239826621722513408
1239826638847778816
1239826640269651968
1239826653494120450
1239826662545453056
1239826666261811200
1239826691612200961
1239826702861316096
1239826703288946688
1239826708108177408
1239826708506779648
1239826713749540864
1239826722750685184
1239826739896946688
1239826740203139073
1239826751297028096
1239826759064752128
1239826767751155712
1239826779050827777
1239826800122957824
1239826803784630272
1239826806515159040
1239826806913581057
1239826807811190786
1239826809186709505
1239826823514443778
1239826825049563137
1239826828069605377
1239826844569841664
1239826870096412676
1239826883333808129
1239826893311967233
1239826900077498368
1239826901029376002
1239826911028805632
1239826918305746951
1239826918427549697
1239826931438116867
1239826941613608962
1239826942091841536
1239826955849121792
1239826991978774528
1239826993396375552
1239826997213384704
1239826998853320704
1239827007615238144
1239827010412740610
1239827026003087360
1239827032223211522
1239827037906448385
1239827040137654272
1239827040750231552
1239827056936005633
1239827060362743808
1239827062594174976
1239827068709261312
1239827069812355072
1239827092696518656
1239827105149411330
1239827119292780545
1239827121926742016
1239827124632117248
1239827130793541633
1239827133100425216
1239827152029257730
1239827156886327302
1239827161130778624
1239827205997432832
1239827223361839105
1239827223533826048
1239827228986421250
1239827243377086465
1239827269230579713
1239827270484873216
1239827292072927232
1239827296787128320
1239827301765873664
1239827309902716929
1239827310678867968
1239827315678478336
1239827319973228545
1239827325979508737
1239827326772412416
1239827343973199873
1239827351829184517
1239827385505087489
1239827387040157702
1239827389519147008
1239827391209517058
1239827407273525250
1239827412642234369
1239827419374157830
1239827420880015360
1239827426961756160
1239827439594979329
1239827450403536898
1239827451339030528
1239827470859276288
1239827478815715328
1239827482070532096
1239827488353792001
1239827493504368640
1239827498441019392
1239827514781990919
1239827519181934592
1239827528472240128
1239827528665239553
1239827532670799873
1239827540157530112
1239827542720172032
1239827559535312897
1239827560642621441
1239827561443663872
1239827561451933696
1239827561548402690
1239827568502673409
1239827574425038851
1239827574601244673
1239827586798301185
1239827595564285952
1239827597191778304
1239827597225320448
1239827599230148608
1239827602816356352
1239827605047726081
1239827612014243840
1239827617500598273
1239827641278050304
1239827641705943041
1239827642024628224
1239827644557987840
1239827650778001409
1239827668821889026
1239827680725553157
1239827682906517506
1239827685162881024
1239827686425530368
1239827690766700544
1239827691362299904
1239827700375642112
1239827704373030912
1239827712572829696
1239827716381085696
1239827719212466178
1239827749683916801
1239827767929081863
1239827785662623744
1239827786006593537
1239827788854628352
1239827797876539394
1239827801802510337
1239827803815714816
1239827810417590272
1239827810887380995
1239827818843967488
1239827820538400768
1239827820752375809
1239827822455242752
1239827830768361472
1239827850510958594
1239827854810112002
1239827856420671488
1239827867640434688
1239827871121752066
1239827872195510273
1239827891724025856
1239827894328852485
1239827898892275714
1239827898959310848
1239827902734180353
1239827903451246592
1239827904193867777
1239827906525712386
1239827910506295297
1239827911286366209
1239827937706164224
1239827939518226434
1239827939979452417
1239827942081024001
1239827942961598464
1239827952386347008
1239827958136741889
1239827961848700928
1239827968714608642
1239828004936679425
1239828022305357824
1239828049002201088
1239828051791405057
1239828066307846145
1239828069797392385
1239828071764701184
1239828080723734528
1239828090630688768
1239828091113005058
1239828103813365762
1239828107734831105
1239828122356330499
1239828127922225154
1239828161883525120
1239828177524056064
1239828192896131072
1239828197291646976
1239828199514591242
1239828204623257600
1239828207685087232
1239828209127964673
1239828209878716416
1239828210574979072
1239828212835733504
1239828213586472961
1239828244419039234
1239828255399710725
1239828262571958272
1239828266086785024
1239828292355514369
1239828294746263553
1239828297011400705
1239828305202700289
1239828305240420353
1239828321828995073
1239828323380977665
1239828327872909312
1239828350207590401
1239828352736931841
1239828358877175809
1239828367295184897
1239828369677725698
1239828373028962304
1239828377013350400
1239828386798637057
1239828393467817984
1239828404620292096
1239828442687864832
1239828446727024640
1239828450011164672
1239828457493803008
1239828460798750720
1239828460962328576
1239828470773035008
1239828484198780928
1239828497465556995
1239828509188554752
1239828514020511744
1239828524237836288
1239828535835086858
1239828541513986048
1239828553765507072
1239828554302570496
1239828560644169729
1239828566939856901
1239828580382568448
1239828596904034304
1239828600196435968
1239828606114643973
1239828607473721350
1239828613911871488
1239828614100721669
1239828620778049536
1239828636875792384
1239828641099288577
1239828644102537216
1239828652080037888
1239828654152089600
1239828664646283264
1239828692240662530
1239828692546748416
1239828693163352065
1239828700809646080
1239828708996919296
1239828711316148224
1239828716680855552
1239828718148820992
1239828720824836096
1239828722368348161
1239828728303292416
1239828730664476673
1239828742861717506
1239828742903455752
1239828747005702146
1239828747622080513
1239828747731288064
1239828761694142465
1239828765817147397
1239828774251880449
1239828780429881344
1239828781507981313
1239828788319588352
1239828811463757824
1239828819738914816
1239828819923456001
1239828819948851201
1239828823673192449
1239828823916470272
1239828836637970432
1239828838554763270
1239828845424832512
1239828846825943041
1239828857735335937
1239828858750173184
1239828909937524736
1239828916283609089
1239828932519698434
1239828941659082752
1239828943768711168
1239828944708415488
1239828947396734977
1239828949066076161
1239828961783189504
1239828964429856770
1239828965243617281
1239828976538959874
1239828981953822720
1239829000714764289
1239829015520620544
1239829022248521730
1239829060810874880
1239829071443492864
1239829072810659840
1239829073175687169
1239829098769330178
1239829101499650048
1239829123444273152
1239829125910667264
1239829133284323329
1239829140758507520
1239829163776921600
1239829165639110656
1239829186396782592
1239829193967292416
1239829207200473090
1239829208508989440
1239829247746867200
1239829251219542017
1239829252809412608
1239829253455138816
1239829254424018944
1239829254621233152
1239829262804201473
1239829266700931077
1239829277794680832
1239829284769992704
1239829301320486912
1239829304466444288
1239829313651748865
1239829327015022593
1239829346409426944
1239829349555044354
1239829367431233536
1239829376272748545
1239829392345501697
1239829392760733696
1239829395247898624
1239829395289722880
1239829406408900608
1239829407633571840
1239829413572870144
1239829435110453248
1239829439103500288
1239829472519618560
1239829479603634177
1239829493432254465
1239829501615509504
1239829506342305793
1239829506535436293
1239829509152493568
1239829510792581120
1239829512675827713
1239829518493208576
1239829527049711616
1239829550592331776
1239829560167989250
1239829565830303745
1239829574780956672
1239829576030793728
1239829580996923392
1239829581705535488
1239829582993383424
1239829587116339201
1239829594133291008
1239829605437095936
1239829615046266880
1239829620230197250
1239829621899694081
1239829627197153281
1239829634092421120
1239829643911294976
1239829658696212482
1239829673795862528
1239829675792388097
1239829694817751041
1239829697476919296
1239829714539294720
1239829716758138881
1239829721476665344
1239829723682942977
1239829734533419009
1239829743010283520
1239829752564690945
1239829753479061506
1239829762337619970
1239829767093813248
1239829770042572801
1239829780897206272
1239829820898410499
1239829824157421568
1239829826497695744
1239829843933569024
1239829850686230528
1239829860165382146
1239829860559794176
1239829862539378688
1239829864515014658
1239829866398142465
1239829879648129024
1239829880507793408
1239829885453045761
1239829898337947648
1239829912409661442
1239829915975012352
1239829917610762240
1239829922065133574
1239829938523508736
1239829944366219265
1239829945481740288
1239829958316281856
1239829968084824064
1239829981020270592
1239829981787717632
1239829985201811457
1239829996371202048
1239829998690693120
1239829999256993792
1239830000754241537
1239830000846532609
1239830009776353280
1239830017284214785
1239830017825075201
1239830021608529920
1239830028986220544
1239830030152282112
1239830044450721792
1239830053074190336
1239830082660847616
1239830086737489920
1239830091657445381
1239830097898524672
1239830110972399616
1239830116177453058
1239830118601809921
1239830126310948865
1239830139103576064
1239830145650888704
1239830146590351360
1239830166580363265
1239830168581144576
1239830176659312641
1239830197949681665
1239830223178301441
1239830240911716358
1239830243830988801
1239830255633825797
1239830266925010944
1239830269043056640
1239830269873418241
1239830270443995136
1239830271953899520
1239830283924447232
1239830286206226432
1239830295697747968
1239830297639673857
1239830298231050240
1239830312898547712
1239830330829406208
1239830350345297922
1239830359254216705
1239830377297924098
1239830387389542400
1239830389218332672
1239830406653976576
1239830408403042304
1239830415193640960
1239830416158347264
1239830421212405762
1239830424425201664
1239830437503123456
1239830438425718784
1239830448588627970
1239830455660101632
1239830463302131712
1239830472521375745
1239830484995264515
1239830493928943616
1239830503013920768
1239830507606749184
1239830528053751808
1239830546450087936
1239830572391968770
1239830603211526144
1239830616369061889
1239830633423220736
1239830633502957568
1239830644861083650
1239830653689987073
1239830658425520129
1239830695045820416
1239830700481798145
1239830709352771584
1239830710694940672
1239830717720170497
1239830724322213888
1239830724523503617
1239830747609006081
1239830762339393536
1239830762863710208
1239830772061630464
1239830800050409473
1239830803925762048
1239830811005902848
1239830829586669568
1239830845046714371
1239830859714347011
1239830865686847488
1239830885660102662
1239830887568719872
1239830898788499457
1239830901510545408
1239830908045127682
1239830925552181252
1239830931923447809
1239830939817181184
1239830946242801664
1239830950474891265
1239830951661690881
1239830971895218176
1239830981919428608
1239830992120135680
1239830996108771328
1239831008691785728
1239831021513670656
1239831033719201793
1239831046578937856
1239831058968760320
1239831075083386880
1239831082830307329
1239831083216183296
1239831085888012290
1239831096419684352
1239831104326184962
1239831105689149442
1239831145212248064
1239831153781157888
1239831157409296384
1239831168545103872
1239831173464903680
1239831174173900800
1239831208638451713
1239831210043506690
1239831214447448065
1239831226833408000
1239831228796239872
1239831235247181824
1239831237612765190
1239831253022412800
1239831260295573504
1239831269955035136
1239831272446234624
1239831298170118146
1239831299675893760
1239831323684061185
1239831336329924612
1239831336333918209
1239831336396808193
1239831336631914497
1239831340310126592
1239831342357102592
1239831349659414534
1239831350888161280
1239831351047716865
1239831355015548928
1239831371738165250
1239831389337309185
1239831390780157952
1239831400662138880
1239831401463255040
1239831411013685248
1239831423021801472
1239831425160859648
1239831431875932160
1239831445595508736
1239831450444353542
1239831462406389760
1239831475492663297
1239831491414196225
1239831502302646273
1239831504198545408
1239831509579726849
1239831509634170881
1239831510833741824
1239831512377364481
1239831530089963520
1239831537513873414
1239831539266936832
1239831541745881088
1239831550902046720
1239831551656984576
1239831571365949440
1239831583164596224
1239831589758140417
1239831611597881344
1239831622226075648
1239831652777500673
1239831657399517184
1239831675070074880
1239831685715427334
1239831702815424513
1239831703193104384
1239831711741087745
1239831724596625408
1239831725053743104
1239831738538496000
1239831757207351302
1239831776148828160
1239831778359226368
1239831780879929350
1239831788102414336
1239831792296722432
1239831794528198657
1239831808398811136
1239831811343003648
1239831818318180352
1239831820356718593
1239831854385152002
1239831867395674112
1239831872894652416
1239831880897159168
1239831893442469888
1239831899809300480
1239831905815662592
1239831909133438976
1239831913822474240
1239831914002829313
1239831929811341317
1239831955685982208
1239831957984272384
1239831971322146819
1239831981531090945
1239831983250788352
1239831999067684864
1239832016549367815
1239832021029081088
1239832034354376707
1239832048182804480
1239832066679885825
1239832070894977024
1239832076830023680
1239832080088829952
1239832088288694272
1239832088712372225
1239832091422085122
1239832098955018241
1239832099672162305
1239832115203710976
1239832122925264897
1239832126129942530
1239832126234619904
1239832130496184322
1239832133650300928
1239832138058543104
1239832145008394240
1239832150528020480
1239832151748530176
1239832153539538945
1239832154927853569
1239832161303384064
1239832166181113856
1239832179091419136
1239832185181548551
1239832194840793089
1239832199907721216
1239832202046816256
1239832210544287749
1239832214386421761
1239832230207217665
1239832234804367360
1239832248943284224
1239832250222608384
1239832251057217538
1239832261018759168
1239832261756944389
1239832263719899137
1239832264038547457
1239832265515044865
1239832266886590464
1239832284271910912
1239832285278613504
1239832288126472198
1239832289871163394
1239832296431079425
1239832296795992065
1239832299539181569
1239832299572690945
1239832300067700736
1239832303158857728
1239832309626482693
1239832310213758978
1239832318946181121
1239832319227199488
1239832335534575621
1239832342388035585
1239832346674823170
1239832346813247488
1239832368401219590
1239832377041420288
1239832393969623040
1239832402190422016
1239832402467401728
1239832423577399297
1239832430971957248
1239832434365038594
1239832440102936577
1239832442778685441
1239832454623424512
1239832463326806017
1239832485405626368
1239832489331511296
1239832512530169856
1239832513217851392
1239832522566938624
1239832524676673536
1239832527872733184
1239832531916206083
1239832537838563328
1239832555005923330
1239832556318502913
1239832565361623045
1239832581648134145
1239832582105321472
1239832593027215360
1239832605622546432
1239832607535157249
1239832618746761217
1239832626296500224
1239832631455420416
1239832636551544832
1239832636635389952
1239832636882857984
1239832656495415296
1239832657648734208
1239832659129499648
1239832670273757185
1239832670827413505
1239832677018226688
1239832684060344321
1239832684639199232
1239832699361091585
1239832701940551681
1239832704289583105
1239832711612829696
1239832715412766722
1239832734178201605
1239832735075745798
1239832739651543045
1239832746588909568
1239832762745528322
1239832768437276679
1239832774300667905
1239832788838133760
1239832789622521857
1239832796669059074
1239832810355068928
1239832811500187648
1239832812578050048
1239832814050250752
1239832816596246529
1239832821587304448
1239832825374945280
1239832845507604480
1239832880689418241
1239832881066684416
1239832902327730178
1239832909344800773
1239832917020274694
1239832939434819584
1239832941020282880
1239832952743309313
1239832954844712960
1239832955759087616
1239832961123520512
1239832963304640512
1239832976118218752
1239832985014173697
1239832997785825285
1239833005327147008
1239833005465763841
1239833007520747520
1239833013166497794
1239833018916888584
1239833020259020802
1239833024222593024
1239833024725807104
1239833034138038272
1239833034460823552
1239833038541991936
1239833047865806849
1239833048239075330
1239833070905114624
1239833074893905920
1239833081634144257
1239833090144571392
1239833101150322689
1239833107131490305
1239833138701824000
1239833139431616513
1239833157781860352
1239833165306318848
1239833181055938560
1239833187905343488
1239833200576180225
1239833217886064641
1239833232188809217
1239833232239210496
1239833242032799744
1239833244188598273
1239833246894034944
1239833248286543873
1239833251415502849
1239833258327543808
1239833267743756288
1239833271879397378
1239833274563739648
1239833287364734976
1239833291638722560
1239833292138000384
1239833293517971457
1239833294893694976
1239833330691895296
1239833347070873600
1239833364321853440
1239833384462909441
1239833397746438144
1239833405585580034
1239833407313653761
1239833415307927552
1239833416528429056
1239833421184196608
1239833426200604674
1239833444802105349
1239833445225791488
1239833451894697989
1239833458228244480
1239833458266058752
1239833464758849537
1239833469645135872
1239833478579044352
1239833482274037761
1239833486896197632
1239833487580028928
1239833492868882433
1239833495477739521
1239833496929140736
1239833504872976385
1239833509767888896
1239833510480875520
1239833518034714624
1239833528239562752
1239833531338993664
1239833534048722944
1239833534065512449
1239833537101979650
1239833552902066176
1239833554609229824
1239833556613906432
1239833578055204864
1239833580748013568
1239833583243726849
1239833591649054720
1239833595767742465
1239833597701390340
1239833606127783938
1239833611286851586
1239833611521495041
1239833621256720384
1239833630576345088
1239833631004254208
1239833634791657472
1239833646325997568
1239833655821897728
1239833661421359105
1239833664428617728
1239833671818870784
1239833672917954560
1239833702193983488
1239833723706597382
1239833732900466689
1239833739586306048
1239833740685332481
1239833753834397696
1239833756875337728
1239833764806758401
1239833782389075968
1239833798461796353
1239833799032066049
1239833801091670016
1239833803264319489
1239833830216945664
1239833835656839169
1239833853071482880
1239833853541388288
1239833873145565184
1239833880590299137
1239833883547504641
1239833883752964096
1239833884717649920
1239833886164738048
1239833886986813441
1239833893605343234
1239833895442567169
1239833900085460992
1239833911963852801
1239833920000217090
1239833921187086336
1239833928686600192
1239833933597925376
1239833942863167488
1239833961896898560
1239833974064676871
1239834011272220672
1239834024241029121
1239834039076261888
1239834046466678784
1239834046512783360
1239834049994264576
1239834057107791872
1239834064108036096
1239834084995522560
1239834095921881088
1239834105749143554
1239834129010774017
1239834136308625409
1239834146987560960
1239834148140912640
1239834170546929665
1239834173789044737
1239834177593278465
1239834182622171136
1239834186741092354
1239834198631907331
1239834211466575872
1239834212565430278
1239834215484514304
1239834216327606274
1239834233138536448
1239834234711412736
1239834239559856129
1239834242705526785
1239834261533966338
1239834264159555585
1239834264625188866
1239834268722794496
1239834270782369792
1239834270941749249
1239834272418021376
1239834279577821184
1239834303225348096
1239834326121852928
1239834333923414016
1239834341980737537
1239834350029377537
1239834363799285760
1239834385269964805
1239834389904678913
1239834392123621377
1239834398641418240
1239834412168159232
1239834415267819520
1239834430912503808
1239834440618012672
1239834441054208000
1239834442220351489
1239834453234466816
1239834460683743232
1239834460901658626
1239834468061413376
1239834479104909314
1239834482196254723
1239834495576145920
1239834496968658945
1239834503553486850
1239834544397664256
1239834546754834432
1239834550714257408
1239834551637004288
1239834556234113024
1239834558096261120
1239834577180344321
1239834584029724673
1239834607442411520
1239834607584858112
1239834616355225601
1239834621740584960
1239834623947018241
1239834625901391873
1239834640929763328
1239834650912018438
1239834656406716416
1239834708340432896
1239834709292544000
1239834721267392512
1239834721460387840
1239834732864692226
1239834748324687872
1239834754146537473
1239834762384232449
1239834769220939776
1239834801026236416
1239834805858074625
1239834806638317568
1239834817656532992
1239834825512681472
1239834840750579712
1239834861504016384
1239834872480288769
1239834881011539969
1239834905284141056
1239834905288118273
1239834919741915137
1239834921524506624
1239834923143331841
1239834933805428736
1239834936430882816
1239834948313452544
1239834957494784000
1239834957855350784
1239834961420656640
1239834977099026432
1239834978122416128
1239834978315169792
1239834979770777600
1239834980223598593
1239835007805542401
1239835009432903680
1239835024662421507
1239835040961269760
1239835058216660993
1239835059596726272
1239835060494352384
1239835063199698944
1239835084988887043
1239835089162448896
1239835105419460609
1239835106451349504
1239835111295721472
1239835116433813505
1239835122872004608
1239835126525239298
1239835128823603200
1239835131210354688
1239835138466484224
1239835138806165504
1239835141930995712
1239835155910529024
1239835158146146304
1239835164269850625
1239835173652480005
1239835197631127552
1239835207177588737
1239835221756989440
1239835234549424129
1239835236499849216
1239835248482975745
1239835253944061957
1239835267730726912
1239835290925068288
1239835302056738817
1239835306427330561
1239835307861819393
1239835308016816129
1239835310130782208
1239835351994302464
1239835370189185024
1239835385280131072
1239835385670168576
1239835393631158273
1239835414501834754
1239835414963331072
1239835415864938498
1239835423284908033
1239835424689774593
1239835426304786432
1239835427298635779
1239835430780051461
1239835440644935680
1239835453626310656
1239835467106799616
1239835468025475077
1239835469317193728
1239835472727363587
1239835483309408257
1239835491953979392
1239835492427988992
1239835493925359616
1239835516855558145
1239835517992091648
1239835522937303040
1239835525915250691
1239835526913392640
1239835569057705984
1239835575470804992
1239835596287143937
1239835612708048897
1239835636225409024
1239835680890425345
1239835687026708480
1239835690692640768
1239835693318373377
1239835695423860737
1239835706819829760
1239835712444391424
1239835726226874369
1239835733638217728
1239835736033169408
1239835745138941952
1239835751895965702
1239835755742031873
1239835757377753094
1239835760267689985
1239835785026658304
1239835796674412545
1239835809395556352
1239835823358406657
1239835827850665985
1239835829528408064
1239835841431625735
1239835849031847936
1239835849803673600
1239835861170208770
1239835865502961665
1239835885799010304
1239835889196511233
1239835919655424001
1239835921161375744
1239835929218514944
1239835939071053825
1239835943068143616
1239835957790040064
1239835959803469826
1239835962332479491
1239835971476168704
1239835973833445377
1239835981806620674
1239835985522954241
1239835987548803075
1239835988240801794
1239836010927788032
1239836029030404096
1239836038605963264
1239836042397487104
1239836049909493760
1239836069593415680
1239836073901133825
1239836075041882116
1239836078565199872
1239836098487930880
1239836115214966785
1239836130721312768
1239836140686807040
1239836146932297728
1239836158655266817
1239836163017498624
1239836167052365825
1239836174421819392
1239836178074853378
1239836206776672257
1239836216201285633
1239836221309886470
1239836222253674497
1239836225093107712
1239836242465808384
1239836245779304449
1239836246295433216
1239836256051302401
1239836261730279428
1239836265899528192
1239836272585084928
1239836277735915520
1239836279832903682
1239836286543900672
1239836299227430913
1239836334090604544
1239836336078675968
1239836339694112769
1239836352801320960
1239836367531753473
1239836374485917697
1239836380999471110
1239836381322653696
1239836383528828928
1239836386972311552
1239836406345801728
1239836409118277632
1239836417909501952
1239836420161896449
1239836425455099904
1239836429787725824
1239836444920815616
1239836469746978816
1239836470422183936
1239836482019495943
1239836505540943873
1239836506061144064
1239836506258395136
1239836511685640192
1239836516542799873
1239836534003679233
1239836558058049542
1239836559123210240
1239836564211015681
1239836576039002113
1239836582569541633
1239836584167571457
1239836597664862208
1239836599220875264
1239836601603284994
1239836607496085505
1239836607752146944
1239836613909217290
1239836619680735234
1239836632561442817
1239836637430829056
1239836684851621889
1239836686256730112
1239836688836411398
1239836692909117440
1239836694909771777
1239836697850007552
1239836705219371009
1239836715549773824
1239836716023701504
1239836728011018240
1239836735363862530
1239836739742494725
1239836755806892032
1239836757727698951
1239836765185245186
1239836774337146881
1239836774467321858
1239836777881284608
1239836785917730816
1239836795258523648
1239836812719222784
1239836825574924288
1239836850862403584
1239836856738402305
1239836857497726976
1239836860320366592
1239836863797563394
1239836866536296448
1239836871800180736
1239836881262706689
1239836891425443840
1239836901068210176
1239836907175116800
1239836909716811778
1239836911776251904
1239836924648579073
1239836934681362434
1239836947901800456
1239836951085305857
1239836953740279808
1239836956781142016
1239836963412344832
1239836994559229952
1239836997642080261
1239836998648713216
1239837012716290048
1239837018949115905
1239837019079159808
1239837023784931329
1239837024582074368
1239837025752109057
1239837031557214208
1239837043980677120
1239837044173570050
1239837049533980672
1239837053044641794
1239837054420373505
1239837056664297473
1239837065451208704
1239837074389417984
1239837085755990017
1239837104311427072
1239837105695719424
1239837107818049536
1239837110674378753
1239837132262432768
1239837134715936768
1239837139363233792
1239837141833826304
1239837146766336005
1239837152755748864
1239837162712911872
1239837164747157505
1239837177284091905
1239837181994303488
1239837183747465216
1239837192677027842
1239837211278835712
1239837215414460418
1239837224696504320
1239837226898317312
1239837265553010689
1239837266106675200
1239837267918835712
1239837271387504640
1239837272759025664
1239837283945086976
1239837290895003649
1239837292463865857
1239837297832591365
1239837308184137728
1239837315607826432
1239837327700054017
1239837338030804992
1239837338408116225
1239837355239972864
1239837355294380032
1239837355353100288
1239837355709591552
1239837365658472449
1239837368447676419
1239837368938639366
1239837370448588801
1239837382087544834
1239837383408918529
1239837418783563776
1239837422973788161
1239837442338938881
1239837460387020800
1239837461649342464
1239837492288737280
1239837494234972160
1239837519560216576
1239837524719095809
1239837527093268480
1239837531996291072
1239837536291368961
1239837540523356160
1239837544298295296
1239837550547742720
1239837553806565376
1239837570458157056
1239837571674333184
1239837575830851584
1239837589474926592
1239837603567828997
1239837605065371648
1239837616138149888
1239837629442490368
1239837637751508992
1239837640997965824
1239837641580953600
1239837647419461632
1239837650695176194
1239837682504794113
1239837683691802624
1239837686455664641
1239837686967480321
1239837687370178560
1239837705258913793
1239837713202700288
1239837733075460098
1239837734253912066
1239837735419969536
1239837736984555522
1239837736992997377
1239837738268012545
1239837738922389504
1239837747747192832
1239837757939146752
1239837762410483712
1239837785458118656
1239837796149444608
1239837806198915074
1239837815833161730
1239837829879873537
1239837846535467008
1239837851514056704
1239837862855471104
1239837875396653056
1239837891909607424
1239837894509985792
1239837911324880897
1239837919147417601
1239837923069046785
1239837948394209285
1239837951149793281
1239837972243058689
1239837986608623617
1239838028341764097
1239838036659187713
1239838038945157120
1239838042774548480
1239838071366897664
1239838074676211712
1239838075481722880
1239838082318266368
1239838084885340161
1239838090446897152
1239838092288126976
1239838098432888833
1239838105747611649
1239838115730280449
1239838122826964992
1239838139163836416
1239838144163393536
1239838150064779265
1239838150471671811
1239838167144058881
1239838169631162371
1239838170075652097
1239838175822057472
1239838184961277954
1239838190976065536
1239838193110966273
1239838213222604800
1239838214724042752
1239838219199549441
1239838221455982592
1239838231069208576
1239838242360324096
1239838253940793345
1239838256210075648
1239838262606397441
1239838268008673280
1239838277068156928
1239838289680461824
1239838304079622144
1239838322517835776
1239838325193744384
1239838328767332352
1239838335478235137
1239838339974430721
1239838350183292930
1239838355145125889
1239838365022687233
1239838370806878209
1239838382517374979
1239838397729996801
1239838414960234497
1239838416247967745
1239838422166114304
1239838424657358854
1239838435680100352
1239838438385303553
1239838444450459650
1239838456320331777
1239838459130523648
1239838462246883335
1239838462628356096
1239838463043801089
1239838464683782149
1239838480336916480
1239838491598520321
1239838498947031041
1239838526855774208
1239838527459864577
1239838536771219461
1239838536783630336
1239838539698917376
1239838547659632640
1239838583676166149
1239838592689561600
1239838613770125313
1239838622225965056
1239838628471345152
1239838634024423424
1239838638801911809
1239838640005472256
1239838654098362368
1239838665335070721
1239838665964048384
1239838667461603329
1239838674885513217
1239838694942654466
1239838697396133888
1239838704140718080
1239838727008145408
1239838729386299397
1239838737548349441
1239838749615407104
1239838754967339009
1239838756695351298
1239838756850544642
1239838781718646785
1239838792074182657
1239838801486364672
1239838802824302592
1239838808478277633
1239838834008915969
1239838834575257600
1239838837158735872