1239718090176225281
1239718090205609985
1239718090830741506
1239718096354623493
1239718099210752001
1239718099827523585
1239718101790441474
1239718104361365504
1239718104755654657
1239718114859855872
1239718117040967680
1239718117602975744
1239718128843730946
1239718136947097612
1239718137425063936
1239718139685818368
1239718141313175552
1239718141405605893
1239718148426944514
1239718152063332353
1239718155339157511
1239718155351552000
1239718160447803393
1239718182040076288
1239718192223666177
1239718193821650946
1239718197214892032
1239718200306262022
1239718205758656512
1239718205976981506
1239718207356878849
1239718210322288645
1239718212977246211
1239718229641216000
1239718237488594944
1239718247542423552
1239718255062855680
1239718262658813955
1239718267674972162
1239718279159189512
1239718280799150087
1239718293675675653
1239718296846569473
1239718305616646144
1239718317482377216
1239718323329232896
1239718325036310528
1239718329050435589
1239718336725782528
1239718338365992963
1239718341494915072
1239718342350512128
1239718350701412355
1239718351573843973
1239718358951563266
1239718361480589313
1239718363250622464
1239718364500701184
1239718368455745536
1239718375351136256
1239718388609449985
1239718405948813313
1239718407542538241
1239718412030324736
1239718412345057281
1239718430120574976
1239718431852814337
1239718433693958145
1239718437246709761
1239718440686026752
1239718446939746304
1239718473321852933
1239718483195310080
1239718483958681606
1239718484659101699
1239718489981624321
1239718498244403202
1239718504124878848
1239718520138629123
1239718523292626944
1239718532356636672
1239718537318588422
1239718559162359808
1239718574094254080
1239718577889890310
1239718581841125377
1239718584802213889
1239718595468365825
1239718600723894273
1239718605081571328
1239718605794787329
1239718608386826240
1239718623423254528
1239718628573868032
1239718631124025345
1239718643686166529
1239718658437496834
1239718661201383425
1239718662354935808
1239718663009304576
1239718669103427584
1239718675755626496
1239718680726036485
1239718685457166338
1239718696454479873
1239718700028252161
1239718708379090946
1239718721314267137
1239718726288568322
1239718727689613314
1239718728872296449
1239718730244009984
1239718732404011009
1239718736434737152
1239718747021156353
1239718750842228737
1239718766478589955
1239718769196335104
1239718772124143617
1239718797369585664
1239718801480048643
1239718810850070528
1239718812095787008
1239718819624628225
1239718820966731776
1239718827769856003
1239718830789791748
1239718834594070528
1239718840394608641
1239718844144521216
1239718849802637318
1239718860317691904
1239718867724898310
1239718869025140738
1239718875773767681
1239718883486990337
1239718884460187648
1239718904722624512
1239718909890170881
1239718912285184000
1239718924167479296
1239718928697327617
1239718929230188544
1239718934586241025
1239718945562624000
1239718974918705152
1239718997676851200
1239718998436020226
1239719002709970944
1239719009710305281
1239719013955092480
1239719018346549252
1239719019479007232
1239719019856494595
1239719021769080833
1239719023195181058
1239719031936036866
1239719034293272576
1239719043608784900
1239719044783190016
1239719044883738625
1239719069906960384
1239719086529093633
1239719087229501440
1239719093743337472
1239719095303634944
1239719097920864261
1239719098889592832
1239719106800123905
1239719140140580864
1239719141403172867
1239719153746903040
1239719153755402241
1239719160214667264
1239719169442164736
1239719177734123520
1239719207182442496
1239719211984924673
1239719236768911360
1239719260420702208
1239719263046426624
1239719270742929408
1239719293929037824
1239719296969912320
1239719305379487744
1239719310030823424
1239719323712794624
1239719332273360896
1239719343170215937
1239719348572479488
1239719348803174400
1239719349105147904
1239719355090227201
1239719362547847168
1239719367274901504
1239719371326423040
1239719373192998913
1239719373419446273
1239719373549514754
1239719374476513283
1239719384081301504
1239719393291948035
1239719399344328705
1239719409901621248
1239719414708064256
1239719414980902912
1239719417988046848
1239719420538368003
1239719422941683713
1239719436149338113
1239719447964684294
1239719452750610439
1239719468969885696
1239719471574548483
1239719480307208200
1239719490109280256
1239719494823612417
1239719498099224576
1239719498506100736
1239719509243486208
1239719509893709824
1239719511462305793
1239719518588538881
1239719523965517825
1239719537563463680
1239719538893017088
1239719550419173377
1239719556987277314
1239719581003984901
1239719582828462081
1239719584208388097
1239719608371814405
1239719611781832705
1239719620136726528
1239719630459088896
1239719638465941504
1239719650927284224
1239719653406126085
1239719654043631618
1239719657403187201
1239719673459093504
1239719683953233922
1239719693847592960
1239719698692018176
1239719699119624192
1239719726416363521
1239719730069377027
1239719734997704707
1239719768334237699
1239719774034120704
1239719783076990976
1239719783924449283
1239719798436659200
1239719801670565889
1239719811728343041
1239719839209529344
1239719851892957184
1239719872096923653
1239719872570900481
1239719885695004676
1239719887074803718
1239719890849800197
1239719897560686593
1239719914966900736
1239719916095356929
1239719923649216512
1239719924953681926
1239719941164711937
1239719946143313920
1239719964342435841
1239719964845780994
1239719970579394562
1239719984999342080
1239719995443154954
1239719996516962305
1239720002074402818
1239720009343152133
1239720014980075520
1239720020869079042
1239720033611202562
1239720042784108544
1239720076372258817
1239720097654231041
1239720112548188161
1239720118973693952
1239720121452638209
1239720124778786820
1239720133783949313
1239720153799168000
1239720158236676110
1239720174162448385
1239720180260974592
1239720190553841664
1239720191841447936
1239720207029014533
1239720223479119872
1239720229543923712
1239720252604395520
1239720270786510850
1239720275408805891
1239720283432529922
1239720287614185473
1239720288062865414
1239720293704359937
1239720311370715136
1239720312893255682
1239720317355872256
1239720324838625287
1239720339388674050
1239720340424503297
1239720345571078146
1239720356073615361
1239720357021601793
1239720359970181122
1239720361631064066
1239720375392624643
1239720378538360832
1239720389418369024
1239720390131355653
1239720394623418368
1239720397140099073
1239720409949442048
1239720419676086272
1239720427766697984
1239720431097184257
1239720432938504192
1239720434188333058
1239720436356784131
1239720456791281665
1239720460364980225
1239720461702840320
1239720464198574082
1239720464823382016
1239720469990985728
1239720471895121920
1239720472465551361
1239720488777252864
1239720495936876544
1239720500839972867
1239720507932540930
1239720521786224640
1239720533417172997
1239720542967660546
1239720545249374209
1239720551859384320
1239720556330651648
1239720561950871554
1239720565478391808
1239720578166079488
1239720588618485763
1239720589738139648
1239720598584078336
1239720601172017153
1239720606796562432
1239720608042299392
1239720613297651713
1239720615298453507
1239720616414060546
1239720621468258309
1239720622172901377
1239720626614460417
1239720631714951168
1239720638903959552
1239720639562473477
1239720650161471489
1239720660626288641
1239720664975716352
1239720666221490178
1239720667899142144
1239720675612307456
1239720686438014978
1239720688392515592
1239720689709527040
1239720694855892992
1239720700765749250
1239720744294236160
1239720758517080065
1239720771766763520
1239720771829694466
1239720782323998720
1239720791668748288
1239720792742600704
1239720800904675328
1239720810127872000
1239720829199552513
1239720837034508288
1239720837852217344
1239720854780391424
1239720860329693186
1239720864808984576
1239720868827127808
1239720876032974850
1239720877090103296
1239720881913393152
1239720882894970884
1239720910980026375
1239720913861574658
1239720922812223489
1239720930529529856
1239720940180652033
1239720954672164866
1239720955892715520
1239720962611916801
1239720968051765248
1239720975270207489
1239720978260865025
1239720987589050368
1239721005263622144
1239721006744436736
1239721026889621505
1239721034271592448
1239721037840789504
1239721053926174720
1239721057889562624
1239721064810364930
1239721076088807425
1239721095273631746
1239721098385604608
1239721102831693832
1239721110301802496
1239721113892126720
1239721151238045696
1239721170707943424
1239721171702157312
1239721173992292359
1239721181135003649
1239721185207652354
1239721187581689857
1239721195446005760
1239721199963451393
1239721201183993857
1239721202316271617
1239721222658637824
1239721236097359874
1239721238303346688
1239721288035381255
1239721294595325953
1239721312983138304
1239721320524513282
1239721332092186624
1239721335108046854
1239721342364274693
1239721348781441026
1239721358348546048
1239721375201255425
1239721376963088385
1239721378166665216
1239721383405531143
1239721384537985025
1239721399800954880
1239721409917513728
1239721412241154048
1239721413638066176
1239721419031760896
1239721423054176256
1239721424903901184
1239721431887462402
1239721434584436736
1239721444000571392
1239721449214148608
1239721449570668545
1239721462589612032
1239721471783534592
1239721474258329600
1239721479874453504
1239721488921456640
1239721491677118464
1239721498186665985
1239721503056420871
1239721505291767808
1239721510203465728
1239721512782811136
1239721537118154752
1239721537730686977
1239721544768581632
1239721544953274368
1239721559675359233
1239721561197699073
1239721561302630402
1239721567531053056
1239721594840178689
1239721599428726786
1239721601605697537
1239721601815449602
1239721611890221059
1239721613358137352
1239721619435618305
1239721628952670209
1239721632127647744
1239721637349646336
1239721640835022848
1239721645645889540
1239721659659161600
1239721679418355715
1239721700767363073
1239721706123489280
1239721709202178048
1239721721483145223
1239721733554307081
1239721743910080512
1239721745474400256
1239721745923350528
1239721750906179584
1239721777871413250
1239721780803178502
1239721794065453059
1239721794891730944
1239721796632489986
1239721812474368006
1239721816639205376
1239721824390459393
1239721839154192389
1239721850298662913
1239721850575425538
1239721854882983938
1239721859475812353
1239721863804264448
1239721865154682880
1239721865188454400
1239721878790569984
1239721880828792832
1239721893499895808
1239721901326569473
1239721904996417536
1239721912047206400
1239721912202227712
1239721917642203137
1239721918779002887
1239721924189659139
1239721925338976256
1239721961267302401
1239721968955543553
1239721992716259329
1239721999397605376
1239722014736371712
1239722015893753856
1239722019710590976
1239722022634057730
1239722023296724993
1239722035162411010
1239722039474257927
1239722043723132931
1239722046675759104
1239722054837866496
1239722069438296065
1239722072441524224
1239722073775374336
1239722077202132995
1239722091399786497
1239722095489286144
1239722109414313984
1239722141685297152
1239722145279881217
1239722146428899330
1239722157162131456
1239722178540494848
1239722185276653569
1239722196861210624
1239722201449811968
1239722202934599681
1239722216566087681
1239722240746196993
1239722244172963840
1239722244722565133
1239722247205593089
1239722252226031617
1239722252431548417
1239722252649639936
1239722257582133248
1239722257846538241
1239722269338767360
1239722288779534337
1239722290427752448
1239722292868984833
1239722293611376641
1239722295599349760
1239722307326816261
1239722313702150145
1239722317732884480
1239722322229178370
1239722327576903680
1239722334086406144
1239722343791984645
1239722345503363073
1239722365162053633
1239722370409127939
1239722377652473858
1239722380269780993
1239722380471070720
1239722380752236547
1239722382895599617
1239722391883984896
1239722398359982081
1239722403703521281
1239722414784884737
1239722424209420288
1239722449652105218
1239722464021598209
1239722475631423490
1239722491335053312
1239722496498139136
1239722510612082689
1239722513942241280
1239722514772709376
1239722519973826572
1239722522347741184
1239722524734148608
1239722556023812098
1239722559224131585
1239722561467899904
1239722563275718656
1239722564445974534
1239722567671349254
1239722571882430465
1239722574441066502
1239722577544658944
1239722579004448769
1239722581219053568
1239722582527496192
1239722584905785346
1239722587195879424
1239722600730746880
1239722612483411968
1239722625158582272
1239722626853081089
1239722632527917056
1239722636118315008
1239722638328492032
1239722639729491972
1239722641637937158
1239722641751183360
1239722642669744128
1239722643659554816
1239722644246650880
1239722648051032065
1239722648520851463
1239722664802934784
1239722668192157697
1239722673015410688
1239722706230099968
1239722709753479173
1239722713570258944
1239722717823160321
1239722720801067008
1239722724618051584
1239722724966055938
1239722741869228034
1239722746264915970
1239722756805136384
1239722757023240192
1239722767219597315
1239722770537181184
1239722774756610052
1239722786022731776
1239722787108880389
1239722794574917634
1239722798752206848
1239722799511601152
1239722803231932421
1239722805597331463
1239722806549585922
1239722819967168518
1239722820294389761
1239722823289057283
1239722828490059782
1239722839504302082
1239722843581100032
1239722846034804738
1239722848731779072
1239722873687814145
1239722890301407234
1239722895154319360
1239722900883746816
1239722905509847040
1239722937537658881
1239722957213032449
1239722967975841792
1239722969200549888
1239722974879649794
1239722976502640640
1239722992499929089
1239722995733716995
1239722999911264257
1239723005174898689
1239723008266133504
1239723022233321472
1239723024103792640
1239723024191905793
1239723044077101056
1239723048141455360
1239723053887586305
1239723058010742789
1239723072833363968
1239723077564424192
1239723079384870918
1239723087433777152
1239723098309607424
1239723099513393152
1239723106412961793
1239723108744835073
1239723128592502785
1239723138054676480
1239723148699992065
1239723161027035137
1239723162767708160
1239723170988507138
1239723171852533760
1239723175317037056
1239723180626972672
1239723190139707395
1239723197660086272
1239723203297148928
1239723209081016322
1239723222519533568
1239723228425306117
1239723238349045760
1239723240832020481
1239723250369863680
1239723252022489089
1239723257248399360
1239723258053681152
1239723264894742528
1239723266043871233
1239723278832406537
1239723297379475456
1239723303725600774
1239723305428488193
1239723308897251329
1239723309006303232
1239723309442519040
1239723324051206144
1239723329336082432
1239723338626408449
1239723340736024577
1239723342837551106
1239723346570461184
1239723382049923073
1239723392934088706
1239723402207911937
1239723402383908864
1239723405932244992
1239723415902322688
1239723421900161025
1239723426174115841
1239723427029585920
1239723449981034500
1239723450123632644
1239723456712839168
1239723457388183552
1239723464036159488
1239723473804689408
1239723495640055808
1239723516536258561
1239723517429477376
1239723531082125313
1239723544478658566
1239723565173227521
1239723566935007232
1239723575885664257
1239723579396231170
1239723590804631554
1239723596852809728
1239723604582920192
1239723619904655360
1239723628696125440
1239723631761952768
1239723632890449921
1239723636312899584
1239723643560775681
1239723647293632514
1239723657192189952
1239723672031682562
1239723686745251840
1239723688603176960
1239723689190580224
1239723702415167488
1239723703706869761
1239723709172264961
1239723709650231296
1239723715434147840
1239723716067688448
1239723717665550337
1239723740105027584
1239723758975250433
1239723760699277313
1239723762309791745
1239723770992103424
1239723795998560256
1239723807268409346
1239723812964519941
1239723814583296000
1239723832295989249
1239723834288132097
1239723839661187072
1239723844962848768
1239723850465775616
1239723858007076866
1239723867465113601
1239723894119919616
1239723906455478272
1239723911358615552
1239723912575008769
1239723917696274437
1239723917964648448
1239723925686239232
1239723933907054592
1239723960847171586
1239723961950203909
1239723968468258816
1239723968820424704
1239723980141015040
1239723992140955656
1239724004476358656
1239724008355971072
1239724009878519808
1239724012005199872
1239724018326032384
1239724025280167936
1239724026148290560
1239724034427936769
1239724037942595584
1239724050659729408
1239724051033214976
1239724052094357504
1239724056326352896
1239724069764976641
1239724097535225859
1239724107270414336
1239724110277750785
1239724121300373510
1239724127470092288
1239724133031849984
1239724134432739329
1239724142305267713
1239724168108593152
1239724169094447104
1239724173351686149
1239724177323700225
1239724180712521728
1239724180792389632
1239724181627043842
1239724184168615936
1239724184865058817
1239724217966505984
1239724223146233857
1239724229530091527
1239724234559062022
1239724256528826368
1239724259305373696
1239724261155061761
1239724268927279104
1239724293778366464
1239724310513647616
1239724318495354880
1239724320781406208
1239724324807790597
1239724329337638916
1239724333553061891
1239724341786316801
1239724346312028160
1239724346395910146
1239724347012587520
1239724349914923013
1239724349998891008
1239724352062570496
1239724363403780097
1239724363890515973
1239724374229487616
1239724379971469312
1239724381909082112
1239724393586208770
1239724394324185090
1239724403790929920
1239724404650717190
1239724421230637059
1239724427060838401
1239724433125920768
1239724435042598912
1239724436871188480
1239724438620270594
1239724443926028288
1239724443984736256
1239724446555963397
1239724452935499781
1239724454479040512
1239724459226890243
1239724469326880769
1239724472224976896
1239724474313867264
1239724484434612226
1239724486934409218
1239724495931428865
1239724512137994240
1239724529297117185
1239724542630690817
1239724545956818944
1239724546699038720
1239724548901175300
1239724555414855680
1239724559936270338
1239724560913698816
1239724580291346438
1239724594312794112
1239724598318338055
1239724607147593729
1239724611971006488
1239724628140003329
1239724633164668930
1239724641398263814
1239724647530160128
1239724656694870016
1239724662495383553
1239724673526628354
1239724677280522242
1239724678291349506
1239724679419617280
1239724680480788480
1239724690878300161
1239724691079737344
1239724691964588034
1239724701666115584
1239724703721426944
1239724717138784256
1239724731026284544
1239724732129456129
1239724742229102592
1239724748805935105
1239724753390317573
1239724758012317698
1239724758817792000
1239724764618506240
1239724764706607104
1239724767533576192
1239724776895234049
1239724789213749250
1239724790040035328
1239724790753132545
1239724792384753670
1239724793097748480
1239724804552392709
1239724810013495298
1239724830175432705
1239724830485856256
1239724850194706432
1239724855789936640
1239724856872177665
1239724863629275142
1239724879819100161
1239724892443922433
1239724906700369920
1239724907006697474
1239724938619047937
1239724939407773698
1239724948991680514
1239724950644117505
1239724952208588803
1239724968243585025
1239724970135162881
1239724981103149057
1239725002838224899
1239725012048805889
1239725026867392512
1239725042432446464
1239725043044753410
1239725047268298752
1239725047402487808
1239725054989983744
1239725060694380544
1239725067610796035
1239725070769152002
1239725084358496257
1239725102096355329
1239725102519988227
1239725115513937921
1239725121650253825
1239725123600596992
1239725136670003204
1239725150867787776
1239725155158380544
1239725158245511169
1239725162280505347
1239725211911507969
1239725212972847104
1239725218249060353
1239725229741469696
1239725235198472195
1239725238142853122
1239725239661182982
1239725240940474369
1239725241099792391
1239725242601390082
1239725245889724416
1239725265430777856
1239725269923041280
1239725277816606725
1239725295395057665
1239725300692516866
1239725303653523458
1239725315150229507
1239725323111018496
1239725334674567168
1239725336658677760
1239725345764331526
1239725351347027974
1239725356262871043
1239725361274867712
1239725369395220481
1239725381969682432
1239725392501583872
1239725395311820800
1239725403838861313
1239725410952282117
1239725417277181953
1239725420733489152
1239725421928669184
1239725426156515328
1239725432016175104
1239725442799529984
1239725443118510087
1239725443122696192
1239725447987884032
1239725454321385472
1239725459967029249
1239725472294068224
1239725487259185152
1239725494053908481
1239725535808442370
1239725556913983488
1239725567101906949
1239725568691707904
1239725571141070848
1239725572277694464
1239725587695939587
1239725605953789952
1239725617509289986
1239725622139604993
1239725622789910528
1239725624857473024
1239725639269117953
1239725640158453761
1239725640326266884
1239725640393404417
1239725640494047232
1239725643958493186
1239725646093471744
1239725647955714048
1239725650812026880
1239725651915149312
1239725652095447040
1239725658005258244
1239725664376422402
1239725667714863104
1239725669434527744
1239725673566081027
1239725685964337152
1239725689345056769
1239725704054530050
1239725705547485189
1239725719237865472
1239725724258320384
1239725735667011586
1239725737256632320
1239725750506274818
1239725754256146434
1239725754893635584
1239725759784202244
1239725777345818628
1239725782303297537
1239725785050574848
1239725792919199744
1239725807997763585
1239725816122150912
1239725821532631041
1239725846086037505
1239725856026693632
1239725873718276098
1239725873831567361
1239725903162138624
1239725947328376832
1239725948876001280
1239725956111179777
1239725970891976705
1239725979813261312
1239725983378427905
1239725987534798850
1239725989434818561
1239725996514914304
1239725999153184769
1239726012499460096
1239726014449758208
1239726024411119616
1239726029058355200
1239726042585145344
1239726049560334336
1239726050948472832
1239726051351310336
1239726058129305605
1239726060381646848
1239726066555478017
1239726073107173376
1239726084452687873
1239726093923303424
1239726115377184769
1239726117176532992
1239726120657915904
1239726127599542272
1239726137481314304
1239726138664067072
1239726140832354305
1239726143277862913
1239726145177821184
1239726146054279171
1239726151100137473
1239726159715127297
1239726173921386496
1239726177415094275
1239726178547535872
1239726183471665152
1239726207131762694
1239726221035962375
1239726224370544641
1239726226408910848
1239726237339303936
1239726244314468352
1239726245534892033
1239726248890454016
1239726254129111040
1239726255332704257
1239726266732904453
1239726268704227329
1239726273204813824
1239726303151935488
1239726309623955456
1239726320793391106
1239726323129405440
1239726325859889152
1239726328254889984
1239726337129984001
1239726338438598656
1239726341584498688
1239726349968785408
1239726361117437953
1239726365747757058
1239726386450812928
1239726389189697538
1239726389823016962
1239726392532783105
1239726393484689408
1239726406902239232
1239726410903826435
1239726418986258433
1239726419393085440
1239726419997003776
1239726449483034624
1239726465911910400
1239726473868652545
1239726482534080512
1239726484652261382
1239726494294786048
1239726507603275776
1239726512863162368
1239726514729562112
1239726519951515650
1239726522870751238
1239726523919110144
1239726534694494208
1239726543573864448
1239726546266488832
1239726565505683457
1239726568303452160
1239726574682898432
1239726589987831808
1239726597642518530
1239726606756659200
1239726608971333633
1239726619553599488
1239726642160750592
1239726651220647938
1239726653368131584
1239726678877839360
1239726680358498304
1239726693272576000
1239726693536935945
1239726698846916608
1239726710058147842
1239726712482603008
1239726713308733441
1239726713837211649
1239726747467149312
1239726749086171136
1239726750902489091
1239726752018161665
1239726765007912960
1239726765620318209
1239726785765339137
1239726792589656072
1239726794686816256
1239726802190434306
1239726804564348929
1239726824088887296
1239726826173407233
1239726846830231552
1239726856045301761
1239726873757618176
1239726879948582912
1239726881601196032
1239726887632613376
1239726888085377025
1239726892648816642
1239726900446191617
1239726901494677504
1239726902216138752
1239726903252201472
1239726904489529345
1239726909862424577
1239726917521047552
1239726925196787718
1239726933300174848
1239726952472367104
1239726952799485952
1239726955550793729
1239726957572567045
1239726958780522496
1239726959883694081
1239726976971296774
1239726982939709441
1239726984697004032
1239726984986574850
1239726996810326016
1239726998722940928
1239727006817882117
1239727011704082432
1239727014791258113
1239727037771808769
1239727052275752961
1239727060601323521
1239727060807045121
1239727069031997441
1239727072991277058
1239727077932142592
1239727083418501122
1239727093505802241
1239727094986244099
1239727098555760642
1239727099889553413
1239727106063507461
1239727107644837888
1239727114900983809
1239727118361255937
1239727122689560581
1239727144147836930
1239727147079483392
1239727151215194112
1239727161759518720
1239727162552455169
1239727165144535041
1239727168214700034
1239727175315701760
1239727181900566529
1239727189760905216
1239727192134709249
1239727203207778305
1239727216793202688
1239727217183260672
1239727228562350080
1239727228633485312
1239727236602888193
1239727244353736704
1239727268798267397
1239727278969499651
1239727280177532930
1239727281079230464
1239727287525945347
1239727288695926786
1239727289945829376
1239727301992087552
1239727306983133190
1239727309915127810
1239727340982280192
1239727354102067204
1239727357738586114
1239727360301293569
1239727364814356481
1239727379767058434
1239727387320946689
1239727397370552321
1239727401065574400
1239727407696957441
1239727408695185409
1239727435027034113
1239727437476438023
1239727438784937989
1239727438961180679
1239727447676841985
1239727466333097984
1239727472037502978
1239727472330989569
1239727477557268482
1239727481009160196
1239727493214539777
1239727497174016000
1239727503050256386
1239727504476299266
1239727511581233152
1239727516216156162
1239727527209259010
1239727543743324162
1239727559522254850
1239727561229336576
1239727564039639040
1239727565142495232
1239727576907534336
1239727589297709056
1239727590643924993
1239727621128282113
1239727628421976064
1239727637326475266
1239727639411253255
1239727641990553600
1239727646671425536
1239727651993993216
1239727655597027328
1239727659715870722
1239727676212068357
1239727678099505156
1239727699444166657
1239727699821813761
1239727708860329984
1239727720453623809
1239727724786262016
1239727736152903682
1239727739072065536
1239727743513890822
1239727744721846273
1239727757145374721
1239727783443652614
1239727790393397248
1239727799910318080
1239727804348076038
1239727819988578305
1239727823755137026
1239727826053414912
1239727827223818240
1239727833909526529
1239727848291741698
1239727874300616705
1239727880235446273
1239727890142396417
1239727894223519744
1239727913882259457
1239727936762249216
1239727942621704193
1239727947403018240
1239727955061772288
1239727957792391170
1239727974477451266
1239727980928270338
1239728000482115587
1239728001371136001
1239728004005335040
1239728008849690624
1239728009088831500
1239728014499381249
1239728017162682368
1239728020551634945
1239728044320763905
1239728046015275008
1239728049601384448
1239728062125801472
1239728062276739074
1239728065422471168
1239728072221433856
1239728089338466305
1239728090613514241
1239728091334934529
1239728104920276994
1239728105285021696
1239728129591181324
1239728129821642753
1239728134460669954
1239728137648386048
1239728152609542145
1239728163015610369
1239728173614538754
1239728176189722624
1239728190592962561
1239728191926919168
1239728200411947008
1239728203708510208
1239728219357470721
1239728221932773377
1239728223254011904
1239728260696563712
1239728262852550657
1239728266661040130
1239728276806840320
1239728279570878471
1239728285485056003
1239728286877380608
1239728309719760896
1239728328594120705
1239728352153546753
1239728363234869248
1239728365873086468
1239728369312436225
1239728369807183872
1239728383593832449
1239728383673511936
1239728386290987013
1239728391865204736
1239728392242634752
1239728392448225280
1239728394805194752
1239728394922676224
1239728402988482562
1239728406566141953
1239728407144828928
1239728419971010561
1239728421112078337
1239728422915579905
1239728425704644608
1239728429785743360
1239728444444983303
1239728448169533446
1239728451025698817
1239728456826597377
1239728459498151937
1239728460014256129
1239728463180750848
1239728488590053376
1239728501747400706
1239728502901026816
1239728504696180741
1239728512233132033
1239728526300975112
1239728532449878019
1239728538842005504
1239728545162764288
1239728550405640194
1239728560576892929
1239728567858143234
1239728590176092160
1239728590578688000
1239728608853331968
1239728614502846465
1239728624233631744
1239728629329866754
1239728640251826176
1239728660522958849
1239728676872339457
1239728682413043718
1239728694517796866
1239728697290063877
1239728700939100161
1239728700997996544
1239728707201368064
1239728713203236864
1239728714474283014
1239728727380103170
1239728729846235136
1239728733839224832
1239728739086249984
1239728744442392576
1239728748238381057
1239728761119092737
1239728763908182016
1239728766433329155
1239728780672929792
1239728788579192834
1239728795982147585
1239728799597473792
1239728816248860672
1239728816836284416
1239728830174150657
1239728837073616896
1239728840630566914
1239728845772722176
1239728846062174208
1239728846297014275
1239728880245710851
1239728894997078016
1239728903804956673
1239728912961167360
1239728922880806912
1239728926647300096
1239728927284908033
1239728932728868864
1239728934096273413
1239728934637449216
1239728937598685189
1239728938420707328
1239728945479778311
1239728970284883969
1239728971886907392
1239728972235255808
1239728972784529408
1239728973157982208
1239728982834151425
1239728995219968001
1239729011187744773
1239729013846872069
1239729017017810950
1239729041055158273
1239729042330279937
1239729042410090499
1239729043639017472
1239729045283041280
1239729052774170624
1239729058080006151
1239729062727135233
1239729066707730432
1239729067768807424
1239729089872678914
1239729090095128576
1239729106473943042
1239729119291719680
1239729119870332928
1239729136480014342
1239729137704742913
1239729142528000000
1239729145644343296
1239729152787439617
1239729166762704898
1239729171531776001
1239729191286984705
1239729204435898369
1239729206881288193
1239729216058544132
1239729237013049345
1239729253651869702
1239729263005163521
1239729263458353152
1239729273998422018
1239729284652183553
1239729297755119617
1239729308924407810
1239729310929477633
1239729317879439361
1239729320135778305
1239729321507540992
1239729326108692485
1239729342797819905
1239729355397439488
1239729369494491136
1239729376750481409
1239729388519747584
1239729402654519296
1239729414809608193
1239729416063852545
1239729417796149249
1239729422267285504
1239729430697611266
1239729432388153346
1239729433742684160
1239729439237431298
1239729439279394817
1239729442924236800
1239729443834220544
1239729448246788098
1239729459168755713
1239729475979563009
1239729476982001664
1239729478764380160
1239729480081395717
1239729497168990209
1239729507575062528
1239729512855883777
1239729526143410176
1239729529033076736
1239729529440145408
1239729562935681025
1239729578777640960
1239729586625110017
1239729605013012482
1239729608242724865
1239729622654177280
1239729631843975168
1239729638928154624
1239729641348186118
1239729664387678208
1239729667902496768
1239729677679431680
1239729679348752384
1239729680468467714
1239729680665772032
1239729689075179520
1239729693445640192
1239729693458337792
1239729694502555649
1239729696759336962
1239729718666170368
1239729721782534144
1239729724693200901
1239729736047345667
1239729748315492352
1239729761200431104
1239729771329683458
1239729775565885440
1239729786630463490
1239729809938214913
1239729815382446080
1239729816552665090
1239729845950693384
1239729856541163520
1239729859116613635
1239729862828490752
1239729866229952512
1239729866544689158
1239729868625121280
1239729869556043777
1239729881426079744
1239729892578689025
1239729895174963200
1239729897917919232
1239729918134693891
1239729932659499008
1239729939152338944
1239729941031407618
1239729941689831431
1239729968260710401
1239729972903895041
1239729987193724928
1239729987332145152
1239729990217814016
1239729992554217473
1239729995880202240
1239730007636877312
1239730010677628928
1239730011793264641
1239730018554720258
1239730025676619779
1239730061021872128
1239730072933851136
1239730075924389897
1239730091904679936
1239730092021919744
1239730092923904000
1239730106735538177
1239730109625634817
1239730111345315841
1239730114096533505
1239730115245998082
1239730124297306112
1239730144832622595
1239730146019553280
1239730156073144320
1239730160238198784
1239730167532195840
1239730169834876929
1239730174167601158
1239730175048286208
1239730178412208129
1239730182702891010
1239730191523614720
1239730196854403073
1239730209764577281
1239730212935307264
1239730217112842240
1239730243423866888
1239730253045444609
1239730259106414592
1239730293239476226
1239730295164698625
1239730314081157120
1239730333450452992
1239730336864645120
1239730339762900992
1239730341838868482
1239730342782795777
1239730362613448706
1239730393059864577
1239730406720593921
1239730408641589248
1239730411913109505
1239730413989285888
1239730420486492166
1239730421652471809
1239730424412176384
1239730433253756928
1239730433555824640
1239730434889658369
1239730436915388416
1239730441118154752
1239730447753465856
1239730477466091528
1239730484994871297
1239730491760099329
1239730494205382656
1239730513000226816
1239730514451447808
1239730522936479745
1239730529072828416
1239730532772188164
1239730552694960134
1239730557686145025
1239730602594783237
1239730605996175360
1239730606537420800
1239730607267000321
1239730620756103168
1239730627378851841
1239730634261700608
1239730661130489861
1239730674967302144
1239730681548283907
1239730689039314944
1239730689056129026
1239730703618772995
1239730705011261440
1239730705942405120
1239730719397724160
1239730728629231617
1239730730097184768
1239730733373100036
1239730742726463491
1239730759474257922
1239730786372169730
1239730790423879680
1239730807243247616
1239730808254054402
1239730814939586562
1239730815543791622
1239730816374226945
1239730818614013952
1239730819796815873
1239730828286005249
1239730833621123074
1239730838331199489
1239730879414456324
1239730885097697282
1239730901187264512
1239730927372296192
1239730946472947712
1239730971286671360
1239730972968603648
1239730977947123719
1239730981172543496
1239730983458439174
1239730989397499904
1239731017948291073
1239731020867371010
1239731023811948544
1239731024180977664
1239731028962443264
1239731034427543553
1239731038617612290
1239731039444099072
1239731043772575745
1239731053801193472
1239731065595604992
1239731086797582337
1239731088752287745
1239731097195261952
1239731110558531584
1239731119697920002
1239731146033897473
1239731150882516992
1239731152312848384
1239731160097292289
1239731185376346114
1239731210311602183
1239731223079026689
1239731229072687104
1239731247359746049
1239731248462995456
1239731253936640000
1239731256075546630
1239731257774419969
1239731269837172737
1239731274899755009
1239731293014896640
1239731316628893702
1239731318595829761
1239731324358807554
1239731342063161344
1239731356852158464
1239731360593518592
1239731365333086209
1239731372073222146
1239731383087628289
1239731384710762497
1239731400938524672
1239731412846219265
1239731422442766337
1239731430323716097
1239731434509795328
1239731450158538753
1239731451970703360
1239731465795055631
1239731473722363905
1239731493452369920
1239731504911020033
1239731506257571841
1239731514469801984
1239731519691907072
1239731531272327168
1239731533214150656
1239731534921453570
1239731543381143558
1239731561093881857
1239731567259340800
1239731567410454528
1239731568869965824
1239731574767112192
1239731581490614273
1239731591175229440
1239731601904304128
1239731602952863744
1239731604278464513
1239731605159190530
1239731627791724545
1239731638663168000
1239731639229591552
1239731645835427841
1239731649249607680
1239731649648230402
1239731664202477568
1239731665926115328
1239731677158469632
1239731680862183426
1239731689754103808
1239731695676461061
1239731705402933248
1239731710767575040
1239731713720365064
1239731728224268288
1239731734976925697
1239731739095949312
1239731744280055812
1239731746314297344
1239731758389547008
1239731765188743170
1239731767323447296
1239731767994650632
1239731778505584642
1239731784662650881
1239731795613986817
1239731798407385088
1239731809484767232
1239731817080487939
1239731821845172224
1239731823170764800
1239731829906771968
1239731841717788673
1239731858650402816
1239731868481785858
1239731872160047106
1239731876455038976
1239731881370779648
1239731885065916418
1239731911393755137
1239731916271566848
1239731924026957824
1239731927998816256
1239731931220238336
1239731931668983808
1239731943828267009
1239731945707311106
1239731947355734016
1239731963008671744
1239731964632076294
1239731979622526978
1239731982856142848
1239731987851743236
1239731989357506563
1239731989730578432
1239731991756636161
1239732002028429313
1239732022895050752
1239732024790958081
1239732026778873856
1239732033485541376
1239732039051431936
1239732044567109636
1239732047180161030
1239732065098248193
1239732067551686656
1239732069690945536
1239732073579065344
1239732099130830848
1239732100024033280
1239732112913321984
1239732114540630017
1239732115413008386
1239732117438787585
1239732135948193797
1239732138221752321
1239732141291782144
1239732143305232386
1239732148619350016
1239732184707026944
1239732189815812097
1239732191816491009
1239732199483527168
1239732219565887488
1239732221918859265
1239732222296559616
1239732225870114817
1239732231607902208
1239732238385905664
1239732255456555010
1239732258115706882
1239732260221456384
1239732262364745729
1239732273127268353
1239732276667310080
1239732309533683713
1239732311635013632
1239732313312952322
1239732320678150144
1239732331398590465
1239732334301253632
1239732347622260738
1239732355809542147
1239732357856399360
1239732361719414789
1239732369474502656
1239732418808090624
1239732436038189056
1239732438953332738
1239732444200386561
1239732444988932098
1239732445571960837
1239732450756091904
1239732464995553280
1239732465234780166
1239732486071922688
1239732493433126917
1239732495446409216
1239732496528363520
1239732498461945856
1239732500647137280
1239732501980954624
1239732505055551489
1239732509363109891
1239732520155037698
1239732525481820164
1239732535535550471
1239732540300288003
1239732541067874305
1239732543605354496
1239732544440094726
1239732571698688001
1239732575909875713
1239732579579781121
1239732590031949824
1239732597611212800
1239732597925777411
1239732602652766208
1239732607975337985
1239732611616059394
1239732626400763904
1239732640103587842
1239732642716602368
1239732653051596800
1239732656859828225
1239732657522704384
1239732677500157952
1239732682801598466
1239732687713251329
1239732698354049026
1239732701407690754
1239732710186287105
1239732714351276035
1239732723020955650
1239732757351235584
1239732772530421761
1239732772756787200
1239732776519294977
1239732786052956165
1239732801886273536
1239732806218944512
1239732815618400258
1239732823138787328
1239732829816143872
1239732837034725376
1239732849626025984
1239732855975989248
1239732861294587908
1239732864935174144
1239732866474442754
1239732872812134400
1239732876318572549
1239732886690910211
1239732902356754433
1239732910447607808
1239732932031533056
1239732940269146112
1239732950247387136
1239732954584227840
1239732974268100610
1239732988625047552
1239733004064272384
1239733034733232130
1239733039393103872
1239733039418290176
1239733046372208640
1239733067243118592
1239733071873597442
1239733081038340097
1239733083626254337
1239733085215784960
1239733094518669312
1239733116211617792
1239733136164106241
1239733140207345664
1239733142988173312
1239733155956916224
1239733175091249152
1239733176303603713
1239733184050294784