1239778488178991107
1239778488258670592
1239778489231958017
1239778495418466304
1239778495552610304
1239778498954162176
1239778507183529984
1239778510861983744
1239778512510337024
1239778517010833409
1239778526309441536
1239778529233047553
1239778532152217600
1239778533020483584
1239778537537765376
1239778542499627014
1239778548736569345
1239778565442482176
1239778570580291584
1239778575492014081
1239778579761623040
1239778581984641024
1239778599210815490
1239778611277660161
1239778611994873856
1239778628885295104
1239778642227417088
1239778644559568896
1239778661756264448
1239778673840066560
1239778675819565058
1239778693955739650
1239778700461301763
1239778723412443136
1239778744413364224
1239778761265963008
1239778767750520833
1239778795755671553
1239778814290530304
1239778818035875840
1239778836549521408
1239778838172729345
1239778843751219200
1239778845521108992
1239778845756018688
1239778870791897088
1239778888370106369
1239778898554114049
1239778916816076801
1239778925682872320
1239778931634401281
1239778943487471621
1239778947098750976
1239778967089033217
1239778980737105921
1239778982956077056
1239778986185461761
1239778994582503426
1239778996860190720
1239779004728532993
1239779015407226881
1239779021828677632
1239779026107019264
1239779035976261632
1239779036194394113
1239779037268115456
1239779039184736256
1239779050509365248
1239779057706979328
1239779075738107904
1239779083384492032
1239779102091026432
1239779112409010176
1239779114216652800
1239779116477345792
1239779123192639489
1239779123767267328
1239779133653159941
1239779135628685312
1239779139848036353
1239779141727084544
1239779147494416389
1239779154675019781
1239779169459998720
1239779173473943553
1239779184475430913
1239779194092969986
1239779205040177152
1239779220106043392
1239779250183507968
1239779250435219458
1239779284199170048
1239779286728372224
1239779302142599168
1239779315417370624
1239779315585187840
1239779320328945664
1239779324045254657
1239779325458538496
1239779361584287744
1239779361882017793
1239779369712848896
1239779381846765571
1239779406677147649
1239779420262596608
1239779449274617858
1239779464113864704
1239779467297505280
1239779478152323072
1239779493356670977
1239779522351792133
1239779527179591680
1239779531583565824
1239779566429908994
1239779566505385985
1239779566823981061
1239779572565954560
1239779573002272769
1239779607576002561
1239779621836447750
1239779626982838273
1239779646528339972
1239779653843386373
1239779666568908800
1239779674663702528
1239779678342098944
1239779699384930304
1239779735477116928
1239779742355619840
1239779758520569856
1239779759380246528
1239779759497887744
1239779770843316225
1239779780192382978
1239779808806146049
1239779812404637696
1239779814002704385
1239779814128717824
1239779818498969600
1239779818805383168
1239779831094505473
1239779843249586177
1239779843622850562
1239779852816973824
1239779870843928577
1239779902313938944
1239779904134066177
1239779935473946624
1239779964263727104
1239779976418738177
1239779977031077888
1239779980214562817
1239779987558764544
1239779993204514816
1239780011269394432
1239780018881871872
1239780028381925376
1239780051090096129
1239780053837393920
1239780054684573696
1239780074423009282
1239780090126520320
1239780101174243328
1239780125975011333
1239780162373181442
1239780166345175042
1239780174872350721
1239780184406077440
1239780192568164352
1239780200147070977
1239780203083300864
1239780203708076032
1239780207743176705
1239780222771302400
1239780235094052866
1239780235429675008
1239780237551927299
1239780262776627201
1239780273731985408
1239780304082124800
1239780316291764224
1239780354388455425
1239780385925423105
1239780420008411136
1239780420398522369
1239780448059838464
1239780464556003329
1239780471753584640
1239780483107409926
1239780486446305280
1239780490074296320
1239780524295585793
1239780524878635010
1239780544654655488
1239780560253288450
1239780581937987584
1239780582755876865
1239780586446819328
1239780592096436228
1239780600116056064
1239780632588247040
1239780636325326848
1239780636929462273
1239780663617900544
1239780669049303040
1239780684853583874
1239780699189673985
1239780699877621761
1239780700699664384
1239780703480565760
1239780726503063553
1239780742290386944
1239780794429816832
1239780803438972929
1239780818853101568
1239780829821382656
1239780840520871937
1239780865024000001
1239780866475413506
1239780867657969664
1239780878173138944
1239780893301989380
1239780898469371904
1239780901657214978
1239780914932199424
1239780920703541251
1239780924436471809
1239780928177737729
1239780940001484802
1239780953276506113
1239780953741914112
1239780957898436609
1239780960507478017
1239780962558328832
1239780965989240832
1239780977582333953
1239780981046833153
1239780983458729984
1239780990706466816
1239780998834864128
1239781011682140160
1239781018355109888
1239781022679654400
1239781026617909248
1239781033022758912
1239781043407740929
1239781043562876928
1239781051884392449
1239781056905183233
1239781063771058176
1239781071564218368
1239781128057147392
1239781151960530945
1239781158486978561
1239781160378646528
1239781164392435712
1239781202858369029
1239781218482151424
1239781219446865920
1239781222936608768
1239781225503625216
1239781238283608064
1239781261612396546
1239781265383010304
1239781274132213760
1239781283212992514
1239781286878707715
1239781294625734656
1239781297796476930
1239781310903681032
1239781312342433793
1239781328452640770
1239781343321444353
1239781365135986688
1239781371377111040
1239781398476509190
1239781406542159872
1239781409532735488
1239781418139443202
1239781421398388737
1239781457800790016
1239781461470973952
1239781463664611328
1239781522548367360
1239781529196191744
1239781535319900161
1239781538335727619
1239781549614100480
1239781552357244928
1239781555633098754
1239781573106569216
1239781581067128837
1239781592673013760
1239781594065440768
1239781607931817985
1239781629226135552
1239781638458007552
1239781639045013504
1239781672775593989
1239781691889238017
1239781711581458432
1239781717776482304
1239781724516737024
1239781764416987136
1239781768103895041
1239781768368017409
1239781780976046080
1239781784151379968
1239781794536247297
1239781800907542529
1239781810940280833
1239781831068848128
1239781835967791105
1239781837037342720
1239781850236588034
1239781851650306048
1239781865197842432
1239781870105063424
1239781894662823937
1239781895077908480
1239781896558690304
1239781900157431809
1239781901684129792
1239781917874143232
1239781952900784128
1239781964296716288
1239781970214674432
1239781989496078336
1239782001428721664
1239782017119576064
1239782033343361025
1239782033456386048
1239782033498337280
1239782058286895104
1239782077534359552
1239782093531402240
1239782141459869698
1239782141958840320
1239782148464242690
1239782170639527936
1239782175622365184
1239782231813451776
1239782261089697797
1239782263149056000
1239782267767214081
1239782271172792322
1239782284317745152
1239782292710555654
1239782306836959232
1239782309961719808
1239782312738504709
1239782320154054656
1239782321194176513
1239782327259144194
1239782331486851072
1239782337027727361
1239782353968320512
1239782355570737154
1239782361539268608
1239782396175802368
1239782447455154176
1239782457391681537
1239782464823988224
1239782479894130688
1239782491533144065
1239782511166840832
1239782511321829376
1239782513184141312
1239782518225661952
1239782524429062150
1239782535690776576
1239782537091862528
1239782540015271937
1239782543874031616
1239782544989716481
1239782552224903169
1239782556041535489
1239782587339431936
1239782593190494208
1239782595212324864
1239782609967665154
1239782624186576896
1239782624249421824
1239782633841684480
1239782636047847424
1239782639562883078
1239782648135831553
1239782648450441216
1239782657816276992
1239782663885471747
1239782668876705792
1239782690628308993
1239782690855030784
1239782699218288640
1239782703353827328
1239782715546730496
1239782718461730816
1239782740855144448
1239782747649888256
1239782753618419713
1239782766415360000
1239782769284329472
1239782774523023360
1239782780361310208
1239782780453584896
1239782793376182273
1239782794747711488
1239782807402164224
1239782811743084544
1239782816189210624
1239782824485552129
1239782824527319040
1239782828495081472
1239782838519529474
1239782850599071744
1239782852633464833
1239782860434706432
1239782889388003331
1239782904592502784
1239782965531549696
1239782968626778112
1239782970761887744
1239782971634221061
1239782989275394048
1239783009290792961
1239783029809135618
1239783052240392194
1239783054526369792
1239783083798196224
1239783084188286976
1239783085475901440
1239783093214593025
1239783096729219073
1239783097480159234
1239783102433693698
1239783124873117696
1239783129256087553
1239783130342383617
1239783136193437696
1239783142782914562
1239783148357062656
1239783177649967104
1239783180799893505
1239783188609634305
1239783188668375040
1239783191503712256
1239783204896116737
1239783212731076611
1239783219198930944
1239783245492953094
1239783246084190208
1239783249192333314
1239783261699600385
1239783280708370433
1239783281064894464
1239783292003594240
1239783292490186752
1239783309531648000
1239783314799472645
1239783315441438720
1239783321762234368
1239783325906206722
1239783336303669249
1239783340233949184
1239783351420178432
1239783390108213249
1239783395896549377
1239783405597802496
1239783440704208896
1239783443002724353
1239783449583439872
1239783449629806592
1239783474304675840
1239783480004734978
1239783485042315264
1239783518311297024
1239783523717767168
1239783535017222144
1239783538490085376
1239783543728824320
1239783555267317760
1239783563987468295
1239783579313262592
1239783595255816193
1239783598510620672
1239783601589211136
1239783603057410049
1239783608694509569
1239783613211635712
1239783625719083009
1239783625945645056
1239783629510733824
1239783634111877120
1239783640990535682
1239783656480051203
1239783667880169474
1239783673060184064
1239783678860906496
1239783695004786689
1239783697752064000
1239783700570624001
1239783705482149888
1239783731713519619
1239783736717295616
1239783745097351169
1239783747995631616
1239783750738653186
1239783751426568193
1239783761157423104
1239783775287955456
1239783780346281987
1239783780849606656
1239783793835180032
1239783798356742144
1239783812424441856
1239783812982132736
1239783816606232577
1239783825871380481
1239783827226140674
1239783839758606336
1239783842531037184
1239783854736465920
1239783857697636353
1239783858540875776
1239783862265237505
1239783877498953729
1239783879575298048
1239783887632396288
1239783889956151296
1239783900135768064
1239783906066350081
1239783922638053377
1239783924055920642
1239783924366073856
1239783942976405504
1239783974127296512
1239784003172839424
1239784010865393664
1239784023058071552
1239784025805320193
1239784030616211456
1239784050891591680
1239784051214405633
1239784061025103872
1239784071196073984
1239784081216483328
1239784081669255168
1239784087650545664
1239784089462272001
1239784099616681985
1239784103639019520
1239784107338428417
1239784112824537088
1239784116096122881
1239784118700748800
1239784121540329472
1239784132831408128
1239784143581413376
1239784154201391108
1239784155833040897
1239784167707226113
1239784171712778240
1239784189689360384
1239784194894516225
1239784195339108352
1239784200892383233
1239784201886543873
1239784205451776000
1239784207465021443
1239784212053364736
1239784218156240896
1239784224468631552
1239784242084810753
1239784248871018497
1239784249890238464
1239784250217381889
1239784254004846593
1239784258073395202
1239784286611365888
1239784291711594496
1239784292311433216
1239784320769781760
1239784322531340288
1239784340055179265
1239784340084510723
1239784340130840576
1239784344773963776
1239784354886213632
1239784355460939780
1239784367435767808
1239784410553049088
1239784423668584448
1239784455281070080
1239784460167544832
1239784462893887489
1239784469994688512
1239784483261255680
1239784486331695104
1239784494405537794
1239784495626125312
1239784513762287617
1239784523161899013
1239784528966602759
1239784541683732480
1239784584235167744
1239784584532746240
1239784604594089984
1239784642888302592
1239784645757190144
1239784649116635141
1239784652035874817
1239784656406339585
1239784677130604545
1239784678254673921
1239784689910439937
1239784689918869504
1239784712685617158
1239784714476478464
1239784715642482688
1239784717001428992
1239784725226627077
1239784732579282944
1239784739936120838
1239784741680758784
1239784748303544320
1239784759095681025
1239784760777433088
1239784761821929472
1239784788447375361
1239784802833891329
1239784808567324675
1239784822404288513
1239784824833036288
1239784826049302528
1239784834899329024
1239784840481984513
1239784851588481024
1239784852884459520
1239784877613973504
1239784892789129217
1239784898233167874
1239784919460507650
1239784932949372928
1239784936233529344
1239784937051447296
1239784945402277888
1239784945926668288
1239784977660870657
1239784985822810112
1239784985956999171
1239784989736067072
1239784991778897920
1239785005817024513
1239785013882863617
1239785016042782721
1239785025404465152
1239785029670023168
1239785039556005888
1239785058459881472
1239785073572003842
1239785095155851264
1239785098293260288
1239785107218563072
1239785116844445697
1239785122724864003
1239785171382988801
1239785174688313344
1239785184267882497
1239785184620236800
1239785185299873793
1239785192824418304
1239785193587666949
1239785200302854144
1239785219076640768
1239785225435189254
1239785231697301504
1239785268820889600
1239785282247036928
1239785285283708930
1239785298512318465
1239785300936798209
1239785301779906562
1239785303310848000
1239785314928992256
1239785325737762816
1239785330871537665
1239785333086134272
1239785353940103169
1239785366816583681
1239785385796030465
1239785387435765760
1239785414245986304
1239785421023973376
1239785424039456769
1239785431337586693
1239785438782590977
1239785445036142597
1239785448425340928
1239785464321716224
1239785468981477378
1239785503421054977
1239785510593159169
1239785519698993155
1239785528033079299
1239785531157942273
1239785557019910144
1239785557879689216
1239785586816217088
1239785593858453505
1239785609884991488
1239785611869007874
1239785620190433281
1239785630168764416
1239785642919260162
1239785650196488193
1239785653044490240
1239785655183593472
1239785674435448833
1239785701979254784
1239785703107510272
1239785716948717569
1239785723105914880
1239785734569111552
1239785735516872706
1239785738494869504
1239785739824447488
1239785743049986048
1239785763723567104
1239785770904244224
1239785774326796288
1239785777912877057
1239785781931073536
1239785786377220096
1239785787127889920
1239785787157168128
1239785794061008897
1239785794614611969
1239785805322678272
1239785830144753664
1239785840613548034
1239785843700584448
1239785857654984704
1239785859697737735
1239785889418510336
1239785918732496896
1239785921324572672
1239785936545701889
1239785949942272000
1239785950630129664
1239785959324975104
1239785965905793024
1239785975477194752
1239785976794419201
1239785993726820352
1239786005915459585
1239786006313721856
1239786027675291649
1239786037896937473
1239786038261772289
1239786038270271488
1239786038488424448
1239786049527824386
1239786067366207488
1239786070092345344
1239786080506982400
1239786083316981760
1239786085254742017
1239786104804573185
1239786111733399552
1239786126426214400
1239786128896454657
1239786140669857792
1239786150790721536
1239786157107380224
1239786158722146305
1239786189055578114
1239786210169458688
1239786211725770752
1239786218423894016
1239786225688391680
1239786240565747712
1239786243409342464
1239786266977132544
1239786269691072513
1239786269904908288
1239786273910312960
1239786288456163328
1239786308329000960
1239786315148902400
1239786338531954688
1239786350590586881
1239786367334244352
1239786374481338369
1239786390600073216
1239786395020877830
1239786395725467651
1239786416302940160
1239786463748714501
1239786499312418817
1239786506379612161
1239786506732089346
1239786518299934721
1239786530094190592
1239786533969752065
1239786544816406528
1239786545705447426
1239786549501235200
1239786558645035009
1239786578597171206
1239786613040766977
1239786621890777088
1239786635555786752
1239786645731360768
1239786653599723524
1239786654774091776
1239786659899736064
1239786663515164672
1239786682288951298
1239786691235385345
1239786701033218049
1239786719366578178
1239786727159431168
1239786765294039040
1239786802363240448
1239786804833693696
1239786805186031617
1239786810701733888
1239786822890188800
1239786825624850432
1239786848337006593
1239786852216963074
1239786854548832257
1239786858965434368
1239786859263397888
1239786882969391104
1239786883372077056
1239786904566075395
1239786914359717889
1239786917073313792
1239786918310752257
1239786923087912961
1239786926271430656
1239786935431737344
1239786939697573888
1239786942775963649
1239786999331966977
1239787022782541824
1239787024954961920
1239787029719683072
1239787044022386689
1239787045377265668
1239787053815984128
1239787069615919110
1239787082924453888
1239787089631137792
1239787103283826688
1239787109394927616
1239787119817576449
1239787125375025152
1239787137677103104
1239787141955289088
1239787161739759618
1239787189480886272
1239787191955410945
1239787203334725634
1239787203653492737
1239787225593729024
1239787226927476737
1239787241112834048
1239787256560463874
1239787261098688513
1239787270061735936
1239787296641212418
1239787301909057536
1239787306099376130
1239787315922231296
1239787327246884864
1239787331730591744
1239787333198594050
1239787372306366466
1239787382506840064
1239787388672585730
1239787415583129600
1239787428619194368
1239787434025467904
1239787450932871169
1239787461351530496
1239787477742710789
1239787482759090176
1239787482960424960
1239787521363464192
1239787530020630528
1239787532759465985
1239787542733520897
1239787545946288128
1239787548215574530
1239787550136397824
1239787553965760512
1239787564703375360
1239787587272945664
1239787603668303876
1239787637055127552
1239787637604380673
1239787639001059329
1239787647259770881
1239787654851543041
1239787679203471361
1239787691648024577
1239787697784455169
1239787699306889217
1239787705774399488
1239787731720560642
1239787738800558081
1239787738817331200
1239787739073167361
1239787743946911744
1239787754797629440
1239787757163159554
1239787759264583680
1239787765107023872
1239787804843888641
1239787808115564544
1239787812028919808
1239787814746816512
1239787833482596352
1239787834828926977
1239787856211709953
1239787883223027712
1239787885764571136
1239787886683324416
1239787919994306560
1239787923769303045
1239787924331401216
1239787951875190789
1239787954484043777
1239787955444539392
1239787956694659073
1239787963170435072
1239787963447300096
1239788027729203207
1239788029792808962
1239788031348846594
1239788033747996672
1239788040534425600
1239788056707837957
1239788105084948480
1239788106297081856
1239788133526302721
1239788136735092738
1239788137330561024
1239788143760396288
1239788159107547137
1239788165864570881
1239788166048911361
1239788166950711296
1239788172214665216
1239788177872883713
1239788206104535043
1239788212429545472
1239788241475129344
1239788265584185345
1239788272420663297
1239788282671771651
1239788288635883520
1239788298178048000
1239788304112861184
1239788333078806530
1239788356071981056
1239788375114051584
1239788388502429696
1239788402196779011
1239788415052328960
1239788444366204928
1239788445754519558
1239788446958276608
1239788452004192257
1239788452817723393
1239788465203687424
1239788466142973957
1239788489115303936
1239788499550662656
1239788503820615680
1239788511974363136
1239788513652023296
1239788515518492672
1239788517955264512
1239788522644459520
1239788539086159872
1239788554579918848
1239788556756725767
1239788571587837954
1239788575467671553
1239788582388236289
1239788584346849280
1239788618010349570
1239788619356721153
1239788620195610625
1239788643364917248
1239788651447492610
1239788656820289536
1239788656983830529
1239788657265033216
1239788663342391296
1239788664856739841
1239788668098957313
1239788676575629312
1239788692484452352
1239788693919019008
1239788695374499840
1239788696259325953
1239788699493240832
1239788711576915974
1239788722075226113
1239788724612825088
1239788726701735936
1239788731009294337
1239788742681874438
1239788745571926016
1239788766258216965
1239788774210535424
1239788778375376897
1239788821312679936
1239788823229259777
1239788828878983168
1239788840870711297
1239788841730338818
1239788854892265473
1239788869362442241
1239788875893145600
1239788886408065024
1239788913427795968
1239788916363886593
1239788936857354240
1239788942259638273
1239788965093232642
1239788969736278023
1239788987637620738
1239788998547197953
1239789002212982784
1239789003878141952
1239789005777985536
1239789009846468613
1239789014095462400
1239789037319323652
1239789039139590145
1239789040380964864
1239789041089777666
1239789044202012673
1239789087621435394
1239789095456354305
1239789108211277824
1239789120840318982
1239789132840341504
1239789132873756673
1239789162812674049
1239789171444559872
1239789195750592512
1239789195834667008
1239789207473848322
1239789208421707777
1239789229212758016
1239789229271474176
1239789235114106880
1239789236573753345
1239789241917296640
1239789247953059840
1239789250574344194
1239789250876305408
1239789274754478080
1239789275878699009
1239789276524613632
1239789286985207808
1239789290269347841
1239789290424434688
1239789296451760130
1239789297160597510
1239789308233396225
1239789309504323584
1239789310867427329
1239789350541352968
1239789359370366976
1239789391557447680
1239789405407080453
1239789414928146432
1239789450747617284
1239789458746195968
1239789463611604993
1239789542573404162
1239789557358325761
1239789565402963968
1239789575901335552
1239789586613555200
1239789589767823360
1239789596373704704
1239789615541702656
1239789616166772736
1239789630058369027
1239789642611929088
1239789649750417408
1239789658608984066
1239789671963594752
1239789676250218497
1239789697385279488
1239789706545516544
1239789714820956160
1239789725436858369
1239789736153227264
1239789751055585280
1239789762874986497
1239789774426144768
1239789786254028801
1239789807770820609
1239789808978931712
1239789812883865603
1239789814620262400
1239789816771776512
1239789827488452608
1239789834471784448
1239789849361743875
1239789852532584448
1239789854965133312
1239789860765888512
1239789879900372992
1239789893015879680
1239789906953551872
1239789907310268416
1239789921755451392
1239789925152612352
1239789928218857472
1239789932484399104
1239789940675928064
1239789950398271494
1239789956350042112
1239789959172829184
1239789984015454208
1239790006811664384
1239790014243860480
1239790029079273473
1239790045369786368
1239790051422277633
1239790062537236481
1239790062545432576
1239790067305951232
1239790094376226816
1239790109492310016
1239790115792265217
1239790131256659968
1239790144846213120
1239790145642975232
1239790158985207808
1239790163263459328
1239790173082333185
1239790173610602498
1239790177138159616
1239790189293309954
1239790199850192896
1239790201255260160
1239790201611812865
1239790220356341760
1239790228342067200
1239790229625569280
1239790236365811712
1239790245660540929
1239790258889396226
1239790272004804608
1239790276958289921
1239790285774872581
1239790295828410369
1239790302182989825
1239790304938602498
1239790308780429312
1239790324731400194
1239790348743761921
1239790356289462273
1239790361263865856
1239790369702735872
1239790381434195970
1239790418537177089
1239790435125493761
1239790438472503296
1239790449541427200
1239790453261602816
1239790462883344385
1239790469342691328
1239790524657090561
1239790536770240512
1239790545456652290
1239790560782606336
1239790566256160768
1239790566667251714
1239790572086407169
1239790579074162688
1239790580609077249
1239790595788304384
1239790604076421120
1239790609126260737
1239790609168322560
1239790629284167680
1239790641829294082
1239790643649458176
1239790650679320576
1239790664360968192
1239790664650391553
1239790665170485248
1239790687756804097
1239790689119952897
1239790693175959552
1239790700931268608
1239790701258215424
1239790701883392001
1239790713589641216
1239790720778670080
1239790728265355264
1239790752005144577
1239790758795804680
1239790762620936192
1239790771965816833
1239790774679715840
1239790783261216768
1239790790261370880
1239790795391143937
1239790808049442816
1239790813749612544
1239790853024956416
1239790855042617345
1239790884545159168
1239790886709604357
1239790889381146624
1239790892602413056
1239790893110091776
1239790901032964096
1239790903679574017
1239790904908505088
1239790916979683328
1239790923585732608
1239790928820187137
1239790934725812226
1239790939687866370
1239790955953188865
1239790958738358273
1239790971338084354
1239790972491272193
1239790985237819392
1239791001952235525
1239791002761773056
1239791035498131456
1239791047502430208
1239791057535209473
1239791063247785986
1239791081283297280
1239791087436410880
1239791093430059008
1239791116741947394
1239791122593058818
1239791124979597312
1239791161415479297
1239791166733811715
1239791175323639813
1239791180457615360
1239791184400318464
1239791188275650561
1239791202263678976
1239791204071395330
1239791208005636096
1239791232588500994
1239791240939528192
1239791247482445825
1239791256550735872
1239791268437397504
1239791274024005632
1239791275190050817
1239791296681820161
1239791298413985792
1239791300565663744
1239791314637471744
1239791315199590400
1239791321927254016
1239791341011259392
1239791341472600064
1239791352029876226
1239791368123252737
1239791378286219264
1239791379850522624
1239791384476798976
1239791390537551876
1239791404852920320
1239791444316942338
1239791467343691783
1239791467524231173
1239791493671464960
1239791499686154241
1239791504777981952
1239791520556797954
1239791528207364096
1239791555747201026
1239791564215312385
1239791565905805312
1239791575044993026
1239791582313713664
1239791586315206656
1239791588487729153
1239791592384290818
1239791594804588544
1239791606913351680
1239791620888784896
1239791621043941376
1239791636290383873
1239791666648645632
1239791686194257920
1239791686290747393
1239791690501836800
1239791726472114177
1239791731895394304
1239791738564345858
1239791761959948290
1239791788732239873
1239791813503967232
1239791818025447425
1239791826946740226
1239791842603892736
1239791872840589312
1239791873243467776
1239791895334678530
1239791897092161536
1239791909578645504
1239791919783276549
1239791951702081536
1239791961319428096
1239791976456663040
1239791983167561732
1239791983561859074
1239792002138439680
1239792008002179072
1239792013802745859
1239792018135478272
1239792037513187333
1239792041984274434
1239792043645440000
1239792069218091008
1239792074452418563
1239792076629274630
1239792085387087872
1239792093394075648
1239792098280259586
1239792115820957698
1239792133185384449
1239792134028505089
1239792142031052800
1239792149182332930
1239792158380564480
1239792186616459264
1239792201741168641
1239792208590626816
1239792208661929989
1239792294519140352
1239792309354496000
1239792339763298306
1239792349036851201
1239792369731538949
1239792374319943681
1239792393081229313
1239792393551052801
1239792409652760578
1239792426404859904
1239792435577774080
1239792449029115904
1239792466557128705
1239792469773963264
1239792482033889282
1239792542226382848
1239792545435172865
1239792549637677056
1239792568201691144
1239792572056236032
1239792579144646656
1239792579555684352
1239792580679946240
1239792585591468032
1239792605275144192
1239792613533851648
1239792617195311104
1239792632123084800
1239792632144019462
1239792648879144961
1239792656533704704
1239792665996083200
1239792692097363969
1239792704562688000
1239792707834241026
1239792729686601728
1239792730366029824
1239792731922165761
1239792753677983744
1239792784867024898
1239792805574103040
1239792823421067264
1239792850646130688
1239792855855620096
1239792856270684161
1239792858405703680
1239792865578024960
1239792869516296192
1239792875661135872
1239792876675944448
1239792898511704064
1239792899883012096
1239792901493645313
1239792901523001344
1239792903624503297
1239792932493770752
1239792947689689088
1239792955772133377
1239792962181066752
1239792971677151232
1239793014064607234
1239793020330901504
1239793026320551936
1239793042007019520
1239793042686607361
1239793050693574656
1239793060600406016
1239793063393886210
1239793073741152257
1239793076266303488
1239793100693913600
1239793137960267776
1239793156813664256
1239793160202698752
1239793165676183552
1239793166603235328
1239793169446973440
1239793173473316865
1239793181098561537
1239793190531522560
1239793208374300672
1239793211943477248
1239793212555816966
1239793218419666944
1239793227500118016
1239793244264960000
1239793244470497284
1239793245518876673
1239793251067899905
1239793267476180992
1239793274417606656
1239793278964432901
1239793280013021185
1239793351123066881
1239793367359180801
1239793367384383488
1239793379715751938
1239793381192142848
1239793382706294785
1239793383981436928
1239793406152454144
1239793414704713728
1239793417556803584
1239793424800174080
1239793431960051712
1239793441296601089
1239793444702138368
1239793454869168128
1239793459546009601
1239793463245385728
1239793484489523200
1239793487060422656
1239793517188141056
1239793529964179456
1239793553334665216
1239793564533448704
1239793568505454593
1239793571420504064
1239793572943212549
1239793576218972161
1239793582954831877