1239899284205527041
1239899284243267585
1239899284373299200
1239899284549464064
1239899284838977539
1239899285359136770
1239899285631594496
1239899286135078912
1239899286147493888
1239899286235754496
1239899286348890112
1239899286713683970
1239899286722285568
1239899286734807041
1239899286818770945
1239899287049211911
1239899287175266304
1239899287196073985
1239899287850377217
1239899287858950146
1239899288014065665
1239899288039284738
1239899288081031168
1239899288995540993
1239899289544986624
1239899290807517185
1239899291436617728
1239899292799770626
1239899294301331458
1239899296650211328
1239899296872509447
1239899297749008384
1239899300496388096
1239899300907212801
1239899302563987456
1239899302736154624
1239899303084244993
1239899304392896517
1239899306519388161
1239899307656073217
1239899307878354951
1239899314060767238
1239899314425597954
1239899315453267969
1239899323233697792
1239899324299063302
1239899325796421634
1239899326182117377
1239899327570612224
1239899328887562245
1239899331173515264
1239899331890753536
1239899332196757505
1239899332905762817
1239899333945892867
1239899334654586887
1239899336034697217
1239899340606451714
1239899340706967552
1239899340812046338
1239899343102058497
1239899344389668864
1239899345845137411
1239899345971040256
1239899348214915073
1239899349779439617
1239899355718406144
1239899357886984192
1239899359162052609
1239899361837973504
1239899364484579330
1239899366514720771
1239899374014128130
1239899376308240384
1239899376476028928
1239899379579961347
1239899381123493889
1239899381438058496
1239899386630594562
1239899388081774596
1239899390774517760
1239899398164951041
1239899399523897346
1239899408663101440
1239899411301498881
1239899412563922945
1239899413398487041
1239899417123205122
1239899418192723968
1239899418419179520
1239899423582363649
1239899424031158272
1239899424278577152
1239899433548087298
1239899434554658817
1239899434688958464
1239899440426647553
1239899444373532674
1239899445812236290
1239899450933379075
1239899451545665536
1239899451763953665
1239899454372806657
1239899458277687301
1239899460114821122
1239899460211298304
1239899461968523264
1239899465194123265
1239899469832953857
1239899471498149891
1239899472152281088
1239899472735260674
1239899474559938563
1239899474752942081
1239899476233461760
1239899477495951360
1239899482025754625
1239899487289495555
1239899491081347073
1239899496663920643
1239899496747872257
1239899496831729665
1239899499453198337
1239899512447143936
1239899514191908864
1239899514829295621
1239899515492208643
1239899515609628672
1239899520810565639
1239899521859100677
1239899521909510145
1239899525646626816
1239899532609097728
1239899533980708866
1239899534697906176
1239899536157552642
1239899543887646722
1239899545514934277
1239899546215501826
1239899547318521856
1239899548191019008
1239899553404420097
1239899553744084993
1239899555124183043
1239899561797332993
1239899569812574208
1239899570831835136
1239899571632955401
1239899573054779395
1239899577135714304
1239899577576304642
1239899600280051715
1239899602066628609
1239899602515636224
1239899603006377984
1239899603048202241
1239899607133491200
1239899607406166016
1239899611424264194
1239899612179238912
1239899613664067586
1239899615232589826
1239899621343793152
1239899623923290113
1239899629585444870
1239899632794316800
1239899632857038848
1239899633352146947
1239899635084333056
1239899636543803393
1239899644022394881
1239899645838532610
1239899646069075969
1239899648090767360
1239899657054060545
1239899662452170754
1239899666516529152
1239899667376287745
1239899668621885441
1239899671386087426
1239899673487441920
1239899675383205890
1239899678424137728
1239899685466320897
1239899695931105280
1239899698732961793
1239899702621016064
1239899703308881920
1239899703971627008
1239899709617176579
1239899713995931653
1239899716139220994
1239899720421605376
1239899724842328065
1239899726289534979
1239899727589769222
1239899728990658560
1239899733700812801
1239899738398482434
1239899739438690308
1239899742642950144
1239899755796246530
1239899762389909505
1239899763895566336
1239899779217395712
1239899782195417089
1239899782258327552
1239899782258348032
1239899784053428224
1239899786230280193
1239899786389516288
1239899790009405441
1239899797789855745
1239899802395193344
1239899803892568066
1239899805125677063
1239899805687652353
1239899809684901888
1239899810146254848
1239899818518069249
1239899821055643653
1239899822888542208
1239899824151040003
1239899827074256896
1239899828718632962
1239899830371192837
1239899835777650689
1239899836218032129
1239899838533136384
1239899849866215426
1239899858376560640
1239899858913411072
1239899862067527680
1239899864760188936
1239899866655907840
1239899871018131456
1239899872851120130
1239899873220190208
1239899878639071234
1239899884498673664
1239899889741385730
1239899893688385536
1239899894279700481
1239899901028454408
1239899901120528389
1239899906824863745
1239899913019949056
1239899916564119554
1239899920884092931
1239899925262913542
1239899927137804288
1239899928199139328
1239899933722935298
1239899936902258688
1239899937434984451
1239899941746675714
1239899942560374784
1239899947857776640
1239899948465844225
1239899948973535234
1239899955088809986
1239899963129241602
1239899965264203780
1239899968971866112
1239899970137985032
1239899971341570048
1239899972658741249
1239899977280782337
1239899981739368448
1239899992451514369
1239899992510398469
1239899995807068160
1239900008704544768
1239900011732893696
1239900017051209728
1239900018502504457
1239900019190304768
1239900019722944513
1239900021249789952
1239900022193434628
1239900023560773637
1239900024005410818
1239900027910262784
1239900033484455936
1239900033643880450
1239900041457868804
1239900043882057728
1239900046805565440
1239900049909223425
1239900059589849099
1239900061187756032
1239900063540768768
1239900063729672194
1239900066502098953
1239900074580344834
1239900075012358146
1239900075939319809
1239900077151395841
1239900081299402753
1239900081798684673
1239900084826865664
1239900093513371648
1239900093672837121
1239900094138376193
1239900097032396800
1239900101369384960
1239900102417952768
1239900104657600513
1239900105060134912
1239900117655830531
1239900121187241985
1239900123477524487
1239900128820858882
1239900129064357889
1239900129425076225
1239900146974052352
1239900147003334661
1239900147745775619
1239900148232122369
1239900148370563078
1239900162081906689
1239900167765200896
1239900173037428737
1239900177630183424
1239900180541030400
1239900185007816705
1239900191777599488
1239900192012488704
1239900216725245954
1239900226338635778
1239900229048111106
1239900235201036288
1239900243015106568
1239900245850353673
1239900246592720897
1239900254364991488
1239900257665703939
1239900260543213568
1239900263684681729
1239900267191177216
1239900271528030209
1239900272413093889
1239900274141147137
1239900274858196994
1239900275353227267
1239900281762127880
1239900285797007360
1239900291128070145
1239900291853692928
1239900292059222021
1239900292067528706
1239900292335824896
1239900293011103747
1239900293464276995
1239900295712432129
1239900297079726082
1239900299633897478
1239900300330311682
1239900307217317888
1239900308974813187
1239900312862953473
1239900324476801027
1239900329677918208
1239900339148644352
1239900341258407937
1239900348577243137
1239900349403627520
1239900362401894400
1239900364150898688
1239900364989771777
1239900366713610240
1239900371402788865
1239900373051224066
1239900374015803393
1239900381351677952
1239900383725727746
1239900396967079937
1239900398007119872
1239900399596904449
1239900400591003648
1239900403774427136
1239900412875960321
1239900421960982529
1239900426134327297
1239900426289303552
1239900432043999233
1239900433004392448
1239900433398804490
1239900434615001094
1239900435181268992
1239900436758499330
1239900437161148418
1239900437915955205
1239900446593961991
1239900449370750979
1239900450834522113
1239900459856359425
1239900467670499330
1239900468328857600
1239900471143403520
1239900471914983424
1239900472644788226
1239900474591117317
1239900475438370817
1239900475710988288
1239900479305457665
1239900484460216320
1239900486599352321
1239900487966765056
1239900505498943494
1239900510829805568
1239900512876728321
1239900516034859008
1239900516605403146
1239900521714024449
1239900523739975682
1239900536415141889
1239900536918487040
1239900542433988619
1239900542706438144
1239900542895140864
1239900543201533953
1239900547303583745
1239900559441879043
1239900560389746689
1239900561434128385
1239900561803218945
1239900570057662464
1239900575673827328
1239900575795425283
1239900581424181248
1239900582170767360
1239900583588495360
1239900586461614082
1239900586683793408
1239900588181053440
1239900589468909570
1239900592677498881
1239900595013718017
1239900604098633728
1239900608813023233
1239900612210438150
1239900613393162240
1239900622817812481
1239900622905921537
1239900625602842624
1239900631759978496
1239900632682770433
1239900634318540801
1239900637204185088
1239900642673594368
1239900644821086210
1239900646213660673
1239900650449797122
1239900652609794049
1239900656711991296
1239900661036302338
1239900662466478080
1239900663422881792
1239900665637416960
1239900672893411329
1239900678702628865
1239900682792075270
1239900682989297671
1239900683828170752
1239900687506403330
1239900694011940865
1239900698000723969
1239900698587869184
1239900701444067328
1239900705999241216
1239900721459466240
1239900725632778240
1239900727620837376
1239900728384270340
1239900728430338050
1239900729869045763
1239900730015780868
1239900731135713284
1239900732784029697
1239900733270564865
1239900733333540864
1239900734193307648
1239900734457614339
1239900735967461378
1239900738022760448
1239900739327180801
1239900739423686657
1239900740589686791
1239900743236227074
1239900744062558208
1239900748516859907
1239900749032837126
1239900749313773570
1239900755005448197
1239900771954634753
1239900772617379840
1239900776031490048
1239900780712333314
1239900784692793345
1239900787460853760
1239900789734125568
1239900789994389504
1239900790422228992
1239900791768416256
1239900796004646913
1239900800341512192
1239900803206266881
1239900804120788992
1239900808851992576
1239900810332553221
1239900811951513600
1239900813822177280
1239900817794220032
1239900818758868998
1239900825071357953
1239900835196350464
1239900840145625089
1239900846973837313
1239900854444048384
1239900855530291200
1239900868369137664
1239900874530578433
1239900876241809409
1239900876292026368
1239900878150254592
1239900879811153922
1239900894491271176
1239900898215604224
1239900903374807041
1239900904998023169
1239900909036900352
1239900914661588993
1239900915601149961
1239900930423881734
1239900932776824835
1239900937101213696
1239900942646095873
1239900942767718400
1239900947251253251
1239900950149693445
1239900955765805056
1239900959070760960
1239900962283814912
1239900964888297478
1239900971825848321
1239900975235817474
1239900975449747456
1239900980831010816
1239900985780244482
1239900991744618593
1239900994068197376
1239900996160991232
1239900999759904770
1239900999784914944
1239901004184735745
1239901008819400705
1239901012531568640
1239901014867795969
1239901017157906442
1239901018130964480
1239901022040002560
1239901029015183365
1239901032336855040
1239901035545669634
1239901035642093569
1239901035986128896
1239901042650775553
1239901046706769921
1239901047109410816
1239901051215544320
1239901051827830784
1239901055305035776
1239901060321415169
1239901067216912385
1239901068382728197
1239901076410810369
1239901080261189637
1239901085436915712
1239901086212935680
1239901090654703616
1239901104441180161
1239901105334747139
1239901110325911552
1239901112087478274
1239901113714958336
1239901115854053380
1239901122766274562
1239901126687887361
1239901127463899136
1239901128550223877
1239901129363742721
1239901129611390976
1239901135353176065
1239901135537872897
1239901141699383296
1239901147923722248
1239901149664284678
1239901152583401473
1239901155662139393
1239901159357284352
1239901163102908418
1239901164826656769
1239901165589942272
1239901167251066882
1239901168450535424
1239901174062616577
1239901176721743874
1239901178063773698
1239901184972017669
1239901190458130434
1239901191418634246
1239901191682867200
1239901197022236672
1239901201652748289
1239901201946247168
1239901208883523591
1239901211840651264
1239901212272734209
1239901221739212802
1239901222770900992
1239901222829785088
1239901223408394241
1239901230459236352
1239901231314681856
1239901231977357312
1239901235018334208
1239901235378962442
1239901237572767744
1239901238893797381
1239901243092488192
1239901247148359682
1239901247429369858
1239901248318574594
1239901249492987905
1239901250088357888
1239901253783760898
1239901264814600192
1239901265745846273
1239901268954329088
1239901272192540672
1239901272414748673
1239901275732443136
1239901285987635205
1239901288772456449
1239901291347927042
1239901291888799745
1239901296230006788
1239901299178700800
1239901300638142464
1239901320850571267
1239901324503851008
1239901333014151173
1239901336633847809
1239901338059882497
1239901347505455104
1239901348772151298
1239901358620200961
1239901365712949252
1239901366409199621
1239901368099405825
1239901370184019970
1239901373505966082
1239901375200473088
1239901377138241536
1239901381315551237
1239901385484840965
1239901388722900993
1239901391981862916
1239901401628565504
1239901416128479232
1239901418732978183
1239901421048340480
1239901423984234503
1239901425641099264
1239901431517163520
1239901432918097920
1239901434612781057
1239901442800062464
1239901444981039110
1239901445723324416
1239901449456418816
1239901451620691969
1239901458700656640
1239901460676128774
1239901461905055749
1239901462454386689
1239901463754805249
1239901472919355392
1239901479416332289
1239901493353795584
1239901499095998464
1239901501247475715
1239901505001361408
1239901507723694080
1239901515172777984
1239901515508310021
1239901517014056962
1239901520851853321
1239901523330641921
1239901525507358720
1239901535099916290
1239901536794402816
1239901556511817730
1239901557161775104
1239901557161783298
1239901559938412549
1239901560953606146
1239901562396426240
1239901565344985095
1239901567685459974
1239901574689947648
1239901575063142400
1239901576602345474
1239901583401508864
1239901586651922432
1239901594386341892
1239901595837648896
1239901612606291968
1239901613499834369
1239901614875402240
1239901616800706561
1239901618348441608
1239901620642680832
1239901627521413121
1239901638372065280
1239901641240989696
1239901656105484288
1239901658404061186
1239901666448756737
1239901666729738242
1239901667157409792
1239901668524929025
1239901672555544576
1239901674543747073
1239901677198741505
1239901679241375746
1239901683905368065
1239901687390797824
1239901687835492353
1239901687931965441
1239901689114693632
1239901691811524608
1239901694571528193
1239901695276126210
1239901696588947457
1239901697830510593
1239901699873157120
1239901703111159808
1239901707838066689
1239901708148527105
1239901714305683457
1239901715266244609
1239901718244134913
1239901719066271745
1239901720098099202
1239901720261648387
1239901723059195904
1239901724287983616
1239901729208049667
1239901734832570370
1239901740490784770
1239901750330568706
1239901751802658816
1239901752335400960
1239901752947867648
1239901754507972609
1239901757226078210
1239901758207467521
1239901759750975488
1239901760598298624
1239901762552836106
1239901763240636417
1239901765723619328
1239901767611138048
1239901770081538050
1239901772539461632
1239901789182443520
1239901790293893125
1239901799340855296
1239901799647248388
1239901800695648256
1239901800888553472
1239901801115156481
1239901801849257984
1239901802407002113
1239901803107553281
1239901803908673542
1239901807515664386
1239901809633722368
1239901811038982146
1239901816890044416
1239901817057824770
1239901818081206276
1239901821096865792
1239901829447761928
1239901831989465093
1239901832819941376
1239901833893564418
1239901842945032192
1239901843658084352
1239901844530515969
1239901847667617793
1239901848800239617
1239901848846225413
1239901854013599744
1239901855137828865
1239901855716696066
1239901855884378114
1239901860540137472
1239901862268108802
1239901863211909121
1239901863337701377
1239901866269585408
1239901867330715648
1239901871101403145
1239901875345985536
1239901875631095808
1239901876037902336
1239901877371908096
1239901879171244035
1239901879523577857
1239901882220523522
1239901888864309248
1239901889300508673
1239901891183722496
1239901905066897411
1239901910179725312
1239901910968270848
1239901912956272640
1239901920317386754
1239901930404622338
1239901937899896832
1239901939892195332
1239901942505254912
1239901947907510272
1239901950348603392
1239901953116835840
1239901955130097664
1239901958191960066
1239901959580254215
1239901968711196673
1239901972318175233
1239901972565614595
1239901979020836865
1239901979234586624
1239901983903027201
1239901985224130560
1239901994300649472
1239901997693837314
1239902000642314240
1239902003897106434
1239902005969158144
1239902007902658560
1239902014445936640
1239902016891056129
1239902018157907974
1239902018757488648
1239902024570941441
1239902026433212418
1239902027867660290
1239902028400386048
1239902029205684226
1239902036755451906
1239902039460712448
1239902041142693894
1239902044418383872
1239902048554029058
1239902049996808193
1239902051611615235
1239902052509081605
1239902055151497216
1239902055327772674
1239902056845959168
1239902057076871168
1239902058108432385
1239902058725212165
1239902063594782722
1239902065066901510
1239902068770562048
1239902071379369984
1239902072046264320
1239902073497452546
1239902078421565441
1239902081537974272
1239902081860894720
1239902082917949445
1239902084054634499
1239902085652545537
1239902089922428931
1239902093990719489
1239902094259376128
1239902096008380417
1239902096851337217
1239902097585422337
1239902111963451392
1239902112055799809
1239902113112698882
1239902121991929857
1239902132981182465
1239902134331740161
1239902137317900289
1239902139293499393
1239902141386539015
1239902148399443968
1239902152090251265
1239902153080266754
1239902154581835776
1239902157761110016
1239902158855733248
1239902159329730568
1239902160525176832
1239902164857823232
1239902164992045058
1239902165646430209
1239902168418672640
1239902169844920320
1239902169941176325
1239902170373328899
1239902176270594053
1239902179919527942
1239902184122310660
1239902196084473857
1239902196596125697
1239902209174908928
1239902209669844992
1239902212245065728
1239902213696139264
1239902216275795970
1239902223930470403
1239902227801632768
1239902231698329602
1239902235905208320
1239902239805841410
1239902241462595584
1239902241978560520
1239902242460839937
1239902246223196160
1239902248164966401
1239902250765410304
1239902251692576770
1239902256255950849
1239902257421807617
1239902260051787785
1239902265340833793
1239902270147514369
1239902272903090178
1239902273901223943
1239902275004444675
1239902275146887170
1239902277894164480
1239902278024335361
1239902278112313348
1239902281333694464
1239902281442766848
1239902283078545408
1239902284932419585
1239902285783801857
1239902286123540483
1239902287427809281
1239902291018350594
1239902293987856384
1239902297531928579
1239902298127716353
1239902306490933248
1239902313533313026
1239902313571106816
1239902321741574145
1239902332550180864
1239902332718120961
1239902340129275905
1239902340406300675
1239902349193289728
1239902353735606274
1239902359771365380
1239902362476711936
1239902365639225344
1239902369065754624
1239902379513982977
1239902382542258179
1239902384270323713
1239902385209774081
1239902390335221762
1239902392352677888
1239902392931569664
1239902395196465158
1239902396492296192
1239902396815265793
1239902398468014085
1239902398841335809
1239902399889903617
1239902403585073152
1239902410941792256
1239902412325957632
1239902414318206976
1239902415178137600
1239902416671252481
1239902417635794944
1239902425747804162
1239902432920043520
1239902434492899328
1239902436975955969
1239902441837137920
1239902447553970178
1239902448057290754
1239902458819817476
1239902459889364994
1239902465815953409
1239902475009716225
1239902475504713730
1239902475936653312
1239902483083747335
1239902489497030663
1239902491598188544
1239902499168976896
1239902501022740480
1239902502872657920
1239902503094935554
1239902503484796928
1239902505431162880
1239902506475544578
1239902507821752322
1239902511185698818
1239902513211596801
1239902515329748994
1239902518521597953
1239902529967788032
1239902532895494144
1239902535139418113
1239902536259305473
1239902536825548800
1239902540910571520
1239902546032037891
1239902549366452229
1239902549836169219
1239902551983697920
1239902555712471042
1239902557943857152
1239902559055286272
1239902559394988034
1239902560552706048
1239902561504804866
1239902565837438977
1239902565921361921
1239902567527784453
1239902567594962945
1239902569583034375
1239902571227164672
1239902589686370306
1239902599521775616
1239902601958875141
1239902602810273793
1239902604483796993
1239902608736899073
1239902613413322759
1239902616055943169
1239902617683320833
1239902618224398341
1239902621428854785
1239902623253364737
1239902623374942209
1239902624549306368
1239902629611868162
1239902632883478532
1239902639749545984
1239902644224884741
1239902646552727553
1239902647739715585
1239902648393854976
1239902648721178630
1239902652009414658
1239902657789100032
1239902658850443269
1239902659710201856
1239902662402936832
1239902672897130497
1239902676843933700
1239902679070998529
1239902686553702400
1239902686683615238
1239902689489825795
1239902689611386880
1239902691582603266
1239902692425764869
1239902695735144449
1239902696536236037
1239902702554898433
1239902705495052288
1239902714156527616
1239902718707154945
1239902721827725312
1239902724029808640
1239902726487707649
1239902726672142337
1239902727397871618
1239902730145021954
1239902731734855680
1239902732326187008
1239902742233190402
1239902743017459714
1239902744703463427
1239902757357785089
1239902761187184645
1239902764920000514
1239902769684910080
1239902771173883904
1239902781407932417
1239902782464888832
1239902782813024260
1239902784398471168
1239902786474643456
1239902792162185216
1239902797757321216
1239902800106196994
1239902801074876417
1239902806007521281
1239902807483756546
1239902807538274304
1239902811845996547
1239902822767841280
1239902833450741760
1239902834004385793
1239902836055564290
1239902842858672135
1239902844142092289
1239902844947435520
1239902849850462209
1239902852337872897
1239902853470269441
1239902856221609984
1239902861519028225
1239902864316731392
1239902866833211393
1239902867118600194
1239902870029271040
1239902870100684806
1239902870142681088
1239902874735464448
1239902875242856448
1239902879068102656
1239902883044372480
1239902883790950406
1239902886877954048
1239902891260821504
1239902892263215107
1239902892569407489
1239902895421771777
1239902902375849986
1239902911582396419
1239902911863246849
1239902918641213440
1239902920620953603
1239902928716136448
1239902929378848773
1239902931211689984
1239902939235393536
1239902943714766848
1239902944545452035
1239902948123181057
1239902949888966657
1239902956968972289
1239902963780456451
1239902964631973889
1239902965042946049
1239902967014338560
1239903001361465345
1239903001562791936
1239903003961851905
1239903004016414725
1239903006575022082
1239903009368236032
1239903012145049601
1239903012971253761
1239903018264539138
1239903022702112768
1239903024006471680
1239903025935847425
1239903026116202496
1239903029362655233
1239903037067493377
1239903037612863493
1239903037906456577
1239903040208900096
1239903044550168576
1239903045611372544
1239903048337670145
1239903048635424770
1239903056168247296
1239903058169135104
1239903059150548994
1239903059158937601
1239903061511790593
1239903062858366979
1239903066180194305
1239903068449312770
1239903069929902081
1239903071766892546
1239903071876120576
1239903076674232322
1239903080105287680
1239903080277110791
1239903081602715653
1239903095162880001
1239903095536128000
1239903096026906626
1239903103643762688
1239903103882854403
1239903105543745537
1239903109398306817
1239903112913211394
1239903114469289984
1239903114825777152
1239903115932864513
1239903117724078080
1239903119435333635
1239903123260375041
1239903125219278849
1239903126695620608
1239903130357293061
1239903131044962305
1239903135092490243
1239903143170719744
1239903147981758466
1239903151207088135
1239903152037601282
1239903152243179520
1239903154679865344
1239903160174608384
1239903161675988992
1239903161940422658
1239903163836018688
1239903165740388353
1239903167417970690
1239903169192308737
1239903170421313538
1239903171092172800
1239903177782317056
1239903184954556416
1239903186162454528
1239903187609534465
1239903189425684480
1239903193343184896
1239903194580488194
1239903195821981697
1239903196212015104
1239903197143142401
1239903204868939776
1239903205343006721
1239903207016538114
1239903218160861184
1239903219968507904
1239903224393535488
1239903231704289281
1239903238897401856
1239903242391367680
1239903243800432641
1239903244123615232
1239903245839065089
1239903259151806466
1239903262494453760
1239903270019055617
1239903278424559616
1239903279724859392
1239903284040814600
1239903284233506816
1239903284929777666
1239903285722730498
1239903290860679169
1239903297252790273
1239903307084300288
1239903308006879232
1239903311060299776
1239903313212125190
1239903318144581634
1239903330996011015
1239903335228092418
1239903336314396672
1239903336717000704
1239903339325706241
1239903339829231617
1239903339942481921
1239903340588392451
1239903342974898187
1239903348037259265
1239903351074099202
1239903356799184898
1239903361878634496
1239903367671021568
1239903376713945088
1239903386625093632
1239903388696969216
1239903389435256832
1239903391918235648
1239903392090263552
1239903393201750017
1239903394615234562
1239903406543732736
1239903409232392192
1239903411337863168
1239903416895315971
1239903417633513472
1239903421970501640
1239903426861039617
1239903430585585668
1239903438936383489
1239903439037042688
1239903452186030086
1239903461853954048
1239903462340648961
1239903474151718913
1239903476127346689
1239903484897562626
1239903488915705856
1239903509304283137
1239903510939832320
1239903516614852608
1239903522000429058
1239903530355511302
1239903531580227584
1239903531848667143
1239903540719554562
1239903544540573698
1239903545723359232
1239903547694755845
1239903549586374659
1239903549796073475
1239903552975364098
1239903553159921667
1239903559770165249
1239903560390725634
1239903561993129985
1239903582901678081
1239903584113831938
1239903585342828544
1239903590388510720
1239903592762486784
1239903595451072519
1239903598395392001
1239903599020388353
1239903601650061314
1239903603340369920
1239903604481261568
1239903606607839232
1239903606972846081
1239903612597305345
1239903613503197185
1239903615550177280
1239903616112173057
1239903617437642754
1239903619220111362
1239903619924795398
1239903620147171328
1239903620826619904
1239903623032832002
1239903623343230976
1239903636827918338
1239903636987064321
1239903638463688704
1239903638685978624
1239903639285579777
1239903639306743808
1239903643928801282
1239903645598126082
1239903655471562753
1239903656364867584
1239903667484008450
1239903668608077825
1239903673406369793
1239903679836233729
1239903680125681664
1239903680511512576
1239903680880615425
1239903685234262016
1239903693715181569
1239903703919984643
1239903704460840960
1239903712094666753
1239903723683545089
1239903725080231940
1239903726485241857
1239903731405086721
1239903732013371394
1239903732147662850
1239903734911598593
1239903739370188808
1239903740351700994
1239903744961040384
1239903751479218182
1239903754452779010
1239903754662694912
1239903763751632896
1239903764426956806
1239903765596999683
1239903768553984001
1239903771196448769
1239903772559790081
1239903775042736133
1239903776317857799
1239903779669057541
1239903779836719106
1239903783074889728
1239903783926108160
1239903787223056385
1239903788573626370
1239903790121259008
1239903790813372418
1239903792486854656
1239903794554601472
1239903796412719108
1239903805875126275
1239903812330180608
1239903814309863425
1239903816809689088
1239903821041676292
1239903823335997441
1239903829677744128
1239903833079324673
1239903835180711939
1239903838565523459
1239903847201505280
1239903849986621442
1239903851307765760
1239903851324403713
1239903858412982274
1239903859788611584
1239903864184340483
1239903866470010881
1239903868781236224
1239903869712424960
1239903869762764800
1239903870131662848
1239903877786488833
1239903880093282310
1239903887445774336
1239903887999598592
1239903888729346050
1239903889320624128
1239903892588003328
1239903893439438848
1239903894890860544
1239903898384633857
1239903906492059649
1239903917468790784
1239903925920301057
1239903927094648834
1239903927665123328
1239903930471104514
1239903931997847552
1239903935995019265
1239903940327735298
1239903940604563456
1239903942756028417
1239903946056978435
1239903950796730371
1239903955754287104
1239903956110692357
1239903957033660416
1239903957557874689
1239903959969665026
1239903960003215361
1239903965707370497
1239903965954953217
1239903969284993024
1239903970602160128
1239903977753337857
1239903983264817157
1239903985559093254
1239903987463335947
1239903988016910338
1239903993821671425
1239903994719408130
1239903996879540224
1239903999417028608
1239904016114561025
1239904018786332672
1239904020879138816
1239904023878283267
1239904026747113479
1239904034322087936
1239904036528234502
1239904041934741505
1239904046418481152
1239904047454392320
1239904050746974217
1239904054110806016
1239904054769332225
1239904057059422208
1239904057956995073
1239904063476641795
1239904064432988167
1239904066760609793
1239904068614729728
1239904078345285632
1239904078949466112
1239904080668930049
1239904081185046528
1239904082766319617
1239904083990827008
1239904086356615168
1239904087803490305
1239904088738807808
1239904111148974080
1239904111262404608
1239904114240339968
1239904120917524483
1239904122117259264
1239904124415680512
1239904125250306060
1239904129062821888
1239904129687982084
1239904135899537411
1239904148017090560
1239904148113539076
1239904151695323136
1239904153062838272
1239904156590145536
1239904156950786049
1239904157571723266
1239904165301755905
1239904175879749632
1239904179063324672
1239904179197534214
1239904183186120705
1239904185358774273
1239904185795129344
1239904185937690626
1239904186566877185
1239904187372232704
1239904189863677957
1239904197556002817
1239904198113837056
1239904213901217792
1239904216916856832
1239904218904965120
1239904222897897473
1239904229973688326
1239904230993006592
1239904232607830016
1239904235598131200
1239904236613312513
1239904238987284483
1239904241642278912
1239904245584805889
1239904249179287552
1239904249955442689
1239904251230457856
1239904256842518532
1239904258897719296
1239904260655022080
1239904264543141889
1239904264912338947
1239904267307278339
1239904275066761217
1239904275536494594
1239904276194918401
1239904281169297409
1239904281416826884
1239904292129001473
1239904297074253825
1239904298814689280
1239904303944474625
1239904304087076866
1239904305643163648
1239904312312115201
1239904317626294276
1239904318632804354
1239904323674529799
1239904325234819073
1239904326660829185
1239904329823399945
1239904335141707779
1239904337498947584
1239904338744610823
1239904342842454016
1239904345988227074
1239904347712094211
1239904349628792833
1239904349666439171
1239904350446682112
1239904351596023809
1239904355521908736
1239904360727040000
1239904360894615553
1239904363801456641
1239904364036325376
1239904365940523008
1239904366863290375
1239904367987134464
1239904368826204161
1239904374161276935
1239904374639525888
1239904375075725323
1239904377755877387
1239904381320994818
1239904387876769795
1239904393388003330
1239904395992711170
1239904400375676930
1239904400614793218
1239904411549347843
1239904415345074176
1239904424040022022
1239904427647143940
1239904428565630978
1239904430356492291
1239904432676093953
1239904437872648202
1239904438476779522
1239904448631070720
1239904450766045184
1239904451520909314
1239904454649892870
1239904456776364033
1239904458185859075
1239904460949917698
1239904462401081344
1239904465504866304
1239904468969365506
1239904472194678787
1239904473830621187
1239904474107392000
1239904483246772224
1239904485838852097
1239904490196738049
1239904490855243776
1239904492151140352
1239904500208545793
1239904502653898754
1239904503610179586
1239904504054718464
1239904505044459520
1239904505061421056
1239904505967280128
1239904507259162624
1239904508139851776
1239904510018904064
1239904513806516225
1239904514691530753
1239904519921831936
1239904522815897606
1239904523033993216
1239904538552909825
1239904538934546433
1239904541837078530
1239904546337554432
1239904550062043139
1239904556588371968
1239904559557984257
1239904566503591937
1239904568609251329
1239904570626711552
1239904578369392640
1239904583729717248
1239904600112709632
1239904608144838664
1239904621490868229
1239904623630188546
1239904623684657153
1239904625647661062
1239904626310361093
1239904628730404865
1239904629472858115
1239904632220061696
1239904632324972544
1239904636812906497
1239904647122309133
1239904648321998849
1239904649576054784
1239904651492892672
1239904651757019136
1239904654093238277
1239904661928153090
1239904662586703872
1239904663593459713
1239904668609732609
1239904674423033856
1239904683465965572
1239904685118627841
1239904692928303112
1239904693452668935
1239904696837562370
1239904707440672768
1239904708803858433
1239904708862586882
1239904710515187713
1239904712318730246
1239904712583008256
1239904720891908104
1239904725320908801
1239904731067305984
1239904734288502786
1239904735366430724
1239904743113273345
1239904749417385984
1239904761782165505
1239904765393371136
1239904769491099648
1239904771496128512
1239904783181512704
1239904787681992705
1239904791519588352
1239904791532392448
1239904795827343360
1239904798410858496
1239904799295930374
1239904812155785216
1239904818816102401
1239904823086059526
1239904830694535168
1239904831789322241
1239904839825580033
1239904851271667712
1239904853742301184
1239904854207688705
1239904855369617410
1239904856862789632
1239904864701952002
1239904865192558598
1239904866551631873
1239904868334067712
1239904871073144833
1239904875384889347
1239904880237711360
1239904885782401024
1239904886545887232
1239904891386159109
1239904894712242177
1239904900034617345
1239904902572388354
1239904908117250051
1239904910361141248
1239904911665647616
1239904911921274882
1239904912668069891
1239904916757331970
1239904917046820866
1239904920800645120
1239904921073463297
1239904922495262720
1239904924311355392
1239904924378562561
1239904927977222144
1239904929424130049
1239904930741260289
1239904934935527425
1239904951742185472
1239904955407806469
1239904957001650176
1239904964908113923
1239904965411213314
1239904965860249600
1239904970356535299
1239904974034726913
1239904992540209152
1239904993018359808
1239904993714544641
1239904995933331459
1239904999825649665
1239905013553664000
1239905014568620035
1239905022021963778
1239905025905897472
1239905030054055936
1239905033518546944
1239905038077775872
1239905049419055106
1239905051830870016
1239905055597355009
1239905058088726529
1239905061553287170
1239905068180287490
1239905072030593027
1239905073767071748
1239905074786287619
1239905078783414272
1239905079618154500
1239905083288100865
1239905085897019396
1239905088149377025
1239905094021386240
1239905101692784647
1239905105429889024
1239905107392835590
1239905121452113920
1239905123666665472
1239905123893207043
1239905126812389376
1239905129563709441
1239905130738266113
1239905131698753537
1239905132424257536
1239905133267312641
1239905142385913856
1239905147783913472
1239905154398408710
1239905159184101376
1239905160299712512
1239905161562206213
1239905164242247681
1239905170529693696
1239905172081405954
1239905173306302465
1239905179530452992
1239905186677755904
1239905190863613956
1239905195099856897
1239905197209595905
1239905207934275584
1239905208102047746
1239905208836198402
1239905213852594176
1239905213974294528
1239905215152873476
1239905215899459585
1239905216922816515
1239905217157742592
1239905219317837824
1239905220387311616
1239905225709768704
1239905226431377415
1239905228108922881
1239905228494974976
1239905229426036738
1239905232072695808
1239905234219978752
1239905234631249920
1239905246262054914
1239905247482597376
1239905278600138753
1239905278910517250
1239905281221558274
1239905286208376833
1239905289253642240
1239905292512616448
1239905295087939589
1239905297315004419
1239905297352835075
1239905301811417088
1239905305766637570
1239905308232818688
1239905310753673218
1239905311688986625
1239905315723841538
1239905323512745984
1239905327681875970
1239905334048763906
1239905334359187456
1239905352117882880
1239905354634407936
1239905361559085057
1239905362754576384
1239905373764665346
1239905374213373955
1239905376243515393
1239905379347124224
1239905380278337536
1239905383688351747
1239905384787255300
1239905386603347968
1239905391040966656
1239905391313633280
1239905397118402560
1239905403049254912
1239905404538302464
1239905405817344006
1239905409609216000
1239905411102388224
1239905413627346946
1239905425883041792
1239905430840672256
1239905436545015810
1239905437048332288
1239905441527877634
1239905446049308672
1239905446716215297
1239905453762646016
1239905458414026753
1239905463883399168
1239905474364858368
1239905474377465856
1239905474453143552
1239905478286737408
1239905480736112643
1239905486172020740
1239905487044386818
1239905494690455553
1239905496477376520
1239905500474437633
1239905504589217794
1239905505935536128
1239905511408988160
1239905514030587904
1239905515683098624
1239905522549022722
1239905523333505026
1239905526835597312
1239905527632498691
1239905528459022342
1239905533672316929
1239905541893361665
1239905544946593792
1239905545315741697
1239905548331626497
1239905548964896768
1239905549992550401
1239905555184889856
1239905557475028992
1239905564588638210
1239905567130275840
1239905569596727296
1239905569726590978
1239905574638235649
1239905575669915648
1239905578211848192
1239905581466619904
1239905582238314497
1239905584637501440
1239905587867107328
1239905590043906048
1239905590379495425
1239905593172860929
1239905599762182144
1239905601603416066
1239905601716715521
1239905604585414656
1239905605340532736
1239905605822881797
1239905610189148161
1239905640258113537
1239905640358838283
1239905640530796545
1239905640954433536
1239905641705193474
1239905643194130433
1239905644737712128
1239905650618044418
1239905657752629248
1239905659317092353
1239905659413544962
1239905674076852224
1239905675016355842
1239905680900923392
1239905684189315072
1239905685229441030
1239905686710030341
1239905694461186052
1239905697837481986
1239905700291080192
1239905701658423298
1239905703030067201
1239905704598810626
1239905704904777728
1239905705144070145
1239905708067500035
1239905711645024261
1239905713503305728
1239905715764056064
1239905716925796353
1239905717575913472
1239905717798264832
1239905721334063106
1239905722609082369
1239905735154245637
1239905736362164225
1239905737121267714
1239905739096887296
1239905739851714560
1239905745157664768
1239905746310971393
1239905754468847616
1239905754523430912
1239905755588964352
1239905756503130113
1239905770742747137
1239905773582520322
1239905774492512256
1239905775608369153
1239905779777404929
1239905779815051264
1239905780221890560
1239905781509754891
1239905784315678720
1239905784470949889
1239905785632694274
1239905787901853697
1239905795371917313
1239905795753611264
1239905800455213056
1239905801696935936
1239905801755447296
1239905804674891777
1239905806289682439
1239905807875092480
1239905808734969856
1239905825461764096
1239905825633828864
1239905835167428608
1239905835670740994
1239905843925090311
1239905844784963584
1239905848341803010
1239905855341903874
1239905859380994049
1239905860492673027
1239905863688740866
1239905864137531394
1239905865429323776
1239905869166501888
1239905869850185730
1239905874354847746
1239905884500721664
1239905884639318017
1239905885192847360
1239905889064235010
1239905895083053057
1239905907938656257
1239905916234989569
1239905921058430977
1239905924090863616
1239905927475560453
1239905929778196480
1239905933230301185
1239905935042150401
1239905935809753092
1239905944311488513
1239905953031450631
1239905957007650816
1239905958442254337
1239905961461997571
1239905966755282944
1239905966931533831
1239905971863867392
1239905971872423936
1239905973663174656
1239905977278902273
1239905979497668608
1239905980508524544
1239905988544790528
1239905993422667781
1239905994517315586
1239905996752945152
1239905997235372033
1239905997369610240
1239905998388834305
1239906000800567296
1239906006856945664
1239906023646904320
1239906024678731779
1239906024959721474
1239906035332243459
1239906038364635136
1239906039316852737
1239906040453443589
1239906043435585536
1239906044228374529
1239906053384540161
1239906060678451200
1239906064679796736
1239906065292156931
1239906069339615232
1239906071667453955
1239906076000215042
1239906083780669447
1239906086175387649
1239906090508115968
1239906091691061249
1239906094744469504
1239906098569711620
1239906099224076288
1239906100805238784
1239906101333757952
1239906102881292288
1239906108225007618
1239906108434796545
1239906111047827456
1239906114059239424
1239906119591628800
1239906120736653312
1239906122074472450
1239906123106451457
1239906123525718016
1239906127422390274
1239906128374296576
1239906134548414464
1239906139732574208
1239906139845922817
1239906145902317568
1239906147596939272
1239906148884418566
1239906150381809664
1239906156463652868
1239906157705285633
1239906167171801088
1239906171156336643
1239906173052166145
1239906173299691523
1239906173408739329
1239906175241551877
1239906177586257921
1239906180459368448
1239906182334164992
1239906189737156608
1239906190588600320
1239906190911397891
1239906194619133952
1239906195785363456
1239906200839311362
1239906204387667969
1239906205683929088
1239906206782808065
1239906211274899460
1239906213980246020
1239906216165457921
1239906219332177922
1239906224541294594
1239906224662933504
1239906225237753859
1239906227125174275
1239906235832569856
1239906239791779840
1239906240077201409
1239906240085532672
1239906240861519874
1239906244040839168
1239906247438225410
1239906254065209345
1239906255000326146
1239906256120418311
1239906257122836481
1239906257689083904
1239906258506993664
1239906259337347076
1239906259572228096
1239906260591554560
1239906262256513027
1239906267268775936
1239906270641106949
1239906274533429250
1239906285623091202
1239906292212338689
1239906294896578560
1239906296310218754
1239906301636837377
1239906303759310848
1239906306720280576
1239906309509509120
1239906311069982724
1239906314207268870
1239906314249175040
1239906315893342210
1239906323262832640
1239906330309246978
1239906332020441088
1239906334373535745
1239906341210243072
1239906346939580416
1239906349187772421
1239906353168211971
1239906359543562240
1239906360558596102
1239906362605346819
1239906364929040390
1239906369224036360
1239906375268007938
1239906379403374592
1239906385367875586
1239906389926932481
1239906401528487936
1239906403952648193
1239906406100348929
1239906406548910080
1239906407345983489
1239906409904508928
1239906411045363714
1239906411586469888
1239906416736911361
1239906417127100416
1239906417324298242
1239906419144564740
1239906420197216256
1239906421069606913
1239906423120760833
1239906425419321344
1239906426639634432
1239906428640309248
1239906429210853376
1239906429982707716
1239906435301019654
1239906439352799233
1239906439943950337
1239906442653696000
1239906446159966209
1239906448156606469
1239906451910299648
1239906452031991811
1239906452921290754
1239906454011871235
1239906461737562115
1239906469635645446
1239906471837646848
1239906479458615297
1239906488455479296
1239906494625263617
1239906499494678529
1239906501680074758
1239906509385064448
1239906510265675778
1239906513260384256
1239906517232599041
1239906518792695813
1239906519363121152
1239906526464221184
1239906529173790720
1239906535175794690
1239906537188941826
1239906537511899140
1239906541182111744
1239906545212653568
1239906545904820225
1239906551822839808
1239906552426921984
1239906555832733699
1239906556013051904
1239906561323081729
1239906562417852418
1239906567434240004
1239906572031217664
1239906576326111232
1239906578331045890
1239906578913832960
1239906578930618370
1239906582382739457
1239906582676332546
1239906582709886977
1239906583729094656
1239906587348615168
1239906588904824833
1239906591186567169
1239906594864889856
1239906595376705536
1239906596081283080
1239906600653111299
1239906600921501698
1239906602813194241
1239906607355645954
1239906609117216771
1239906617287639046
1239906618583605248
1239906618617131011
1239906621389705217
1239906623512096768
1239906628071120897
1239906628222279680
1239906634815733761
1239906642797436929
1239906643636367360
1239906646362644481
1239906648421855235
1239906653102899206
1239906662561058816
1239906665043984384
1239906666314899456
1239906672560259072
1239906672962928640
1239906674674024449
1239906676875997190
1239906679405154304
1239906681766719489
1239906686120460289
1239906690239209472
1239906692143464450
1239906694353891333
1239906695045840897
1239906695339532288
1239906695461167104
1239906698086641665
1239906701794398213
1239906703027646465
1239906706416529409
1239906708530630657
1239906710590050305
1239906711944810503
1239906713005953030
1239906713639280646
1239906714209660933
1239906716923449344
1239906718601052163
1239906721339932672
1239906723072262144
1239906727857917953
1239906728545845249
1239906729913180161
1239906736099569665
1239906741346844672
1239906746421981185
1239906752583221248
1239906754613387264
1239906754672111618
1239906755867488256
1239906761773064193
1239906762796531718
1239906764666974209
1239906765279334401
1239906766864842759
1239906768534122496
1239906769834573824
1239906772535644160
1239906782081953792
1239906783432454144
1239906787966324736
1239906792794095618
1239906794102829056
1239906801543516160
1239906803896528898
1239906805448310787
1239906811433672704
1239906815850074112
1239906820061155332
1239906824746405888
1239906827451670528
1239906828563013636
1239906830782009344
1239906832342233089
1239906832799293440
1239906832916848643
1239906834544115712
1239906834582065152
1239906835265654786
1239906835576078337
1239906836557500417
1239906837413146624
1239906837706813446
1239906839086710787
1239906840978341889
1239906841963958273
1239906847298957312
1239906848423043072
1239906854219776002
1239906855608111106
1239906856002129921
1239906858590244865
1239906867125587970
1239906867222122498
1239906868618833920
1239906870308954112
1239906870393024512
1239906872246841344
1239906873710718978
1239906875077988355
1239906875136761857
1239906877527470081
1239906878009815042
1239906878164889601
1239906880597766145
1239906882397130753
1239906885840637957
1239906892354371585
1239906894182895623
1239906896322203651
1239906897907429377
1239906899476217863
1239906901732835329
1239906903716704258
1239906904043933699
1239906904069079042
1239906905633558528
1239906909098070023
1239906918447054850
1239906918593781761
1239906920300871681
1239906921458499589
1239906921965993984
1239906923924926464
1239906925304741888
1239906926558928896
1239906931713757187
1239906935018860545
1239906941628899328
1239906941788446721
1239906943260602371
1239906947874381830
1239906953503150080
1239906953784147968
1239906953863647233
1239906954178449409
1239906957999423488
1239906958708281352
1239906960805371904
1239906961858146304
1239906964244750339
1239906964391571456
1239906967088435201
1239906968472559618
1239906969173049344
1239906969877610496
1239906970825633795
1239906973266653184
1239906976009719808
1239906982557028354
1239906985769947142
1239906987950800897
1239906988429115396
1239906988911480834
1239906989909704704
1239906992464039941
1239906996419284992
1239906997199425537
1239906999858413568
1239907000852647936
1239907006259122176
1239907008440078338
1239907008570101760
1239907010302431233
1239907010834907137
1239907011678162944
1239907011967488002
1239907013699780608
1239907013892755456
1239907023526875136
1239907024957210626
1239907028396580865
1239907028530794496
1239907029570985984
1239907036319682561
1239907036739047424
1239907037041098753
1239907039880544259
1239907041373806592
1239907044842450944
1239907047522439168
1239907049267437570
1239907049930178561
1239907050643173381
1239907053713293313
1239907055361810432
1239907057136001030
1239907059002458112
1239907065604255744
1239907072914780163
1239907073166643201
1239907080070455299
1239907082306027521
1239907088412917762
1239907091130789888
1239907099062091780
1239907101083926529
1239907101255684102
1239907103722147840
1239907110688706560
1239907114274955264
1239907125079523328
1239907128254570499
1239907130167169027
1239907130754379776
1239907133145198593
1239907136127160327
1239907136525807616
1239907139012960256
1239907145946140673
1239907146055196674
1239907146336215040
1239907153651142656
1239907156712964096
1239907156884951040
1239907160907223043
1239907161100222465
1239907170252177408
1239907178544345090
1239907179202777091
1239907179559149569
1239907179655835653
1239907187281072138
1239907188275130368
1239907189495599104
1239907198794379264
1239907202078408704
1239907204070805504
1239907205417259009
1239907208940285954
1239907216993538048
1239907217576529920
1239907220944347141
1239907221221158912
1239907221577793537
1239907222303334406
1239907223658287104
1239907229177761792
1239907230314409986
1239907232482881536
1239907233585975299
1239907234630356992
1239907235800576002
1239907240691335178
1239907241269932032
1239907242410823680
1239907242943475712
1239907243732004869
1239907245426716673
1239907245569110016
1239907247976787968
1239907248995999744
1239907250132725760
1239907251424579589
1239907255614681088
1239907270265163782
1239907271959814145
1239907272693886977
1239907276808425472
1239907283095695366
1239907302582468610
1239907308508856321
1239907309268152321
1239907322656415746
1239907323763548162
1239907334413078528
1239907339748204544
1239907343300808705
1239907343476772865
1239907345284714496
1239907346496749568
1239907349575368704
1239907351211044864
1239907351248896000
1239907352482066432
1239907353090293760
1239907353471913984
1239907355132747776
1239907357141934080
1239907358643494915
1239907359096537091
1239907359645933568
1239907359973167105
1239907362607071232
1239907366289567747
1239907366587465728
1239907367740997633
1239907370269999106
1239907371704635395
1239907372891385857
1239907377438228481
1239907383809277952
1239907401626718209
1239907402998329347
1239907404772331520
1239907405804306432
1239907411198201859
1239907413601460229
1239907424695463936
1239907436384923649
1239907437424988163
1239907439639580672
1239907441254567936
1239907449441628162
1239907452151267329
1239907457553629186
1239907460338470915
1239907463203188737
1239907463387910146
1239907463626981376
1239907464436494336
1239907466202075137
1239907466495832065
1239907467485679616
1239907470090387456
1239907474024673280
1239907475643498497
1239907476922757121
1239907481792503808
1239907484569153536
1239907495151353856
1239907500603965440
1239907501182722056
1239907505800544259
1239907508992512001
1239907510808719361
1239907512402542594
1239907514000515073
1239907523995619331
1239907530857426945
1239907537010528257
1239907538868604928
1239907539942244352
1239907542081376260
1239907543683485696
1239907545059336192
1239907552852246528
1239907552877559809
1239907554127491072
1239907554446229504
1239907554765004801
1239907554827874306
1239907561098231810
1239907562637668352
1239907566311706624
1239907568308322304
1239907569294020608
1239907569734475777
1239907577045057537
1239907577993072641
1239907578232164352
1239907583021985792
1239907583370067969
1239907587132293121
1239907589908987904
1239907591246888961
1239907592291393536
1239907593604087809
1239907594463899650
1239907598167617536
1239907599648206849
1239907599715373056
1239907601107881984
1239907608301047811
1239907611362963456
1239907611778207748
1239907612000477184
1239907614336651264
1239907615703957504
1239907617398538241
1239907618233122816
1239907622687354882
1239907623807242242
1239907625468395522
1239907632099581953
1239907638055276544
1239907638202249216
1239907640131624963
1239907659265888256
1239907660234973185
1239907664051818498
1239907665830174726
1239907668820725763
1239907672637485057
1239907674201804800
1239907674856099843
1239907682292826115
1239907687346794497
1239907689263751168
1239907689582325761
1239907689796456454
1239907690047995905
1239907693600444417
1239907694930100224
1239907696066924544
1239907698235396097
1239907710059122688
1239907712349151232
1239907712898564097
1239907713108279296
1239907713271898112
1239907713364230145
1239907719840239622
1239907723074056192
1239907723279548416
1239907732150419458
1239907733274603520
1239907738366476289
1239907740736258050
1239907742715961345
1239907746146729984
1239907750374768642
1239907750756278273
1239907751263965184
1239907751494651905
1239907752614539270
1239907758591238144
1239907768053698560
1239907768909389824
1239907769232343041
1239907771316928512
1239907771966877699
1239907776844967936
1239907777507622913
1239907785959256064
1239907789331468289
1239907789742452737
1239907790073847808
1239907791109668864
1239907794519592960
1239907795476062210
1239907797015433216
1239907805135613957
1239907806020546560
1239907806486179845
1239907810252644352
1239907810990673922
1239907818095943680
1239907823447924736
1239907828636233729
1239907829202518016
1239907831266115585
1239907833820393473
1239907840015433729
1239907841118547968
1239907846780846080
1239907851851702276
1239907852329811969
1239907855878295552
1239907857128026113
1239907867911753731
1239907890397204481
1239907899935035392
1239907907526852608
1239907911431860226
1239907913264779264
1239907915282120704
1239907922131517441
1239907924908130307
1239907928594739201
1239907931665108993
1239907932256358400
1239907933816795138
1239907937298141184
1239907938241859586
1239907941995687940
1239907942369038339
1239907944038371328
1239907954075348993
1239907960542736385
1239907964049375240
1239907970827407361
1239907971028713474
1239907974253969408
1239907977311719425
1239907978511298560
1239907980486705153
1239907983309639690
1239907984827994115
1239907988774752257
1239907989554786304
1239907993346605057
1239907997767303168
1239907999583477762
1239908002775199745
1239908003198816256
1239908011444928513
1239908012631961600
1239908014531825665
1239908019170766849
1239908021045792769
1239908026686955521
1239908027215552513
1239908027844694018
1239908031925825536
1239908032798248962
1239908038259044353
1239908040297545728
1239908046672814081
1239908050519175169
1239908051131469825
1239908052322615296
1239908055376158722
1239908057234255873
1239908058895208449
1239908059905806336
1239908060002488321
1239908061495640066
1239908062678462464
1239908063433363456
1239908065916465152
1239908076611928065
1239908079904460801
1239908089643634691
1239908089869950977
1239908096438403074
1239908098241945601
1239908100896739328
1239908101509316609
1239908101979078656
1239908105858793472
1239908107544903683
1239908110053097472
1239908114553384961
1239908118521397251
1239908120748412928
1239908122745061411
1239908126280876034
1239908128021532673
1239908128608727040
1239908131515314177
1239908134698827776
1239908146933628930
1239908159961038848
1239908160086970371
1239908165728129024
1239908168899022848
1239908171453358083
1239908171579342849
1239908177417773057
1239908178634162182
1239908181171724295
1239908191028248577
1239908192219533318
1239908193293094912
1239908195604271105
1239908196732502017
1239908198548680704
1239908199009927168
1239908201484693505
1239908202915016705
1239908205247057920
1239908206379438083
1239908207390273542
1239908209332301825
1239908209521016832
1239908210703728640
1239908213107175424
1239908214835154947
1239908218345795585
1239908223920078848
1239908224687636481
1239908229418795008
1239908229993369600
1239908232136732672
1239908233864716290
1239908243318673411
1239908246015471616
1239908246674120710
1239908255847112705
1239908256102973441
1239908264831311872
1239908277036687363
1239908277674221569
1239908296259182599
1239908301455929348
1239908302747832320
1239908307587829760
1239908310406639616
1239908312906379268
1239908318304403456
1239908323438321666
1239908327829585920
1239908330270871554
1239908334565838848
1239908334863409153
1239908337606680577
1239908342123958274
1239908343629545472
1239908347643490307
1239908348062908416
1239908349006807041
1239908349522653186
1239908350806065155
1239908352110538753
1239908352152477696
1239908354014789633
1239908355038236673
1239908361543581696
1239908366014713862
1239908371123310593
1239908371450519552
1239908372159307778
1239908376672231424
1239908387426533377
1239908387518918656
1239908390777880577
1239908393525161989
1239908394263293953
1239908405369700353
1239908406644916225
1239908418019684352
1239908418661597191
1239908419789864963
1239908419836030976
1239908422771933190
1239908423329857537
1239908423589924865
1239908427138293761
1239908427817762817
1239908429029707776
1239908434058842113
1239908434750984194
1239908434775961601
1239908438441897989
1239908441486958601
1239908442959040513
1239908443277983745
1239908443605159937
1239908444712210432
1239908447686180870
1239908451108741120
1239908453923119106
1239908456456433664
1239908462181494790
1239908462286581762
1239908466703183872
1239908468900933634
1239908477776134146
1239908481672626179
1239908482230431745
1239908483912232960
1239908487171375104
1239908491294375939
1239908498324041728
1239908500471459840
1239908501062852608
1239908502363144192
1239908504577531904
1239908509216432128
1239908512836313095
1239908514660847616
1239908514837004290
1239908517349335040
1239908521581391873
1239908525326757889
1239908527151493121
1239908533094830080
1239908533208055809
1239908534608957441
1239908535372263424
1239908536164864001
1239908536714514433
1239908538002046976
1239908543672786954
1239908556624793600
1239908559250501632
1239908561083346945
1239908564556222464
1239908568482156544
1239908568934912000
1239908573154553858
1239908576019320838
1239908582109384709
1239908582436548608
1239908583950647297
1239908589134852096
1239908592209276928
1239908597099827203
1239908597556969472
1239908600392318976
1239908600908320769
1239908601960988673
1239908605140369409
1239908614749540362
1239908617488232449
1239908621640744962
1239908625210118145
1239908632432697345
1239908632621461507
1239908639223230465
1239908642704494593
1239908645682454534
1239908658609369088
1239908661230780416
1239908665349595138
1239908671620030473
1239908676032507907
1239908684756439040
1239908692046180353
1239908692990009352
1239908700632031238
1239908701621743617
1239908702792175617
1239908705837219840
1239908706701029376
1239908714573897728
1239908715110846464
1239908720693219330
1239908722685677568
1239908726477373441
1239908736317218816
1239908737961377793
1239908738280099841
1239908739366432768
1239908740020809728
1239908743933874176
1239908751190052865
1239908755518763008
1239908755753463808
1239908757548593154
1239908761466109956
1239908763689275394
1239908765094293505
1239908765207576576
1239908765517955077
1239908774707593216
1239908775227785216
1239908780109746179
1239908783071117315
1239908786040713218
1239908790755045377
1239908790851551233
1239908802390036485
1239908804663242753
1239908804806029314
1239908807385346049
1239908810191503361
1239908815685873664
1239908816961011712
1239908819154714625
1239908824082976768
1239908824414220293
1239908824489676802
1239908825362202625
1239908826951925770
1239908829086834690
1239908829682208768
1239908829854384129
1239908844551225344
1239908845956235265
1239908847235395584
1239908847382417408
1239908857146740738
1239908858329477122
1239908861173104640
1239908863668707334
1239908864675504130
1239908865212329985
1239908865560342528
1239908869968736258
1239908877308694531
1239908882266423296
1239908883159633921
1239908886607470593
1239908889895882758
1239908891401453569
1239908895675633670
1239908900197019649
1239908902331977729
1239908911194550274
1239908912410898436
1239908914126303234
1239908919402774528
1239908921214525441
1239908927279595521
1239908929502658560
1239908931549396993
1239908938600124417
1239908940009406465
1239908941326409729
1239908945688506370
1239908946850320385
1239908950977531904
1239908954769166336
1239908957990187008
1239908961014472704
1239908961299640321
1239908962587283457
1239908963937849346
1239908968736137222
1239908969667125249
1239908983625768960
1239908983948926976
1239908989946810368
1239909004266127373
1239909014693203969
1239909018732310529
1239909020158189568
1239909021844475904
1239909031017205760
1239909034355982336
1239909036839108608
1239909038235795456
1239909040253214721
1239909041406648321
1239909047354241024
1239909051456057344
1239909053335101440
1239909055549681666
1239909057043070976
1239909057525415936
1239909058963890176
1239909069671903244
1239909069802164230
1239909072989818886
1239909079247699976
1239909080489242627
1239909083102064640
1239909083882369024
1239909086319255554
1239909088215138304
1239909090761019392
1239909092984061952
1239909097828421632
1239909098314960896
1239909101603258368
1239909103637598210
1239909110616899584
1239909112030416896
1239909112151932930
1239909116790951936
1239909118221131776
1239909121677316098
1239909121756979202
1239909126278221829
1239909129235443714
1239909129445138433
1239909139473502208
1239909142162280448
1239909143391109121
1239909158255763457
1239909159996477447
1239909163020550150
1239909168527572996
1239909169186181120
1239909169479680001
1239909174156201984
1239909176203190273
1239909186328088576
1239909187582386178
1239909188496736258
1239909193114624001
1239909193949130752
1239909194238697473
1239909195174023169
1239909196902084611
1239909198223282176
1239909198680424448
1239909200471511042
1239909206435692546
1239909219199062017
1239909221489168387
1239909224819425282
1239909232692035585
1239909236160598016
1239909236165001216
1239909243743899649
1239909246436814849
1239909247367835648
1239909251541118977
1239909252157800451
1239909253709590528
1239909259124658177
1239909261662203904
1239909264761786372
1239909278657294337
1239909280280645634
1239909281836740608
1239909285049622528
1239909290850353154
1239909293719277574
1239909304074895365
1239909306029539328
1239909315588358144
1239909317488316416
1239909321951129600
1239909322639003648
1239909323536584705
1239909326095036417
1239909330968813569
1239909334382825475
1239909334475313155
1239909334559195137
1239909336819826690
1239909337901957121
1239909342071185410
1239909343727935488
1239909344382156803
1239909349113225225
1239909349847379968
1239909350434574337
1239909350455599105
1239909350849695745
1239909355216084994
1239909358370201606
1239909363164295169
1239909363252420609
1239909363772526593
1239909368054726659
1239909370269442048
1239909370542149632
1239909370936184832
1239909371590688770
1239909374283386880
1239909376305045507
1239909377324257282
1239909378511310855
1239909385217945600
1239909386946035712
1239909390880292865
1239909391370944513
1239909395422687235
1239909402938933251
1239909409838567427
1239909411201613825
1239909411549614080
1239909414439661569
1239909414703947779
1239909417329594369
1239909418483023873
1239909420689240067
1239909423897870336
1239909425923502081
1239909430889603073
1239909432781234176
1239909436153458688
1239909442654699520
1239909443501867009
1239909444726775808
1239909448224776193
1239909450103783430
1239909455539638274
1239909456886071296
1239909464033103872
1239909465656352768
1239909470806970375
1239909473239605248
1239909476469075968
1239909481049448448
1239909485671579648
1239909488167133185
1239909490226614277
1239909501656072193
1239909501764898817
1239909507746140161
1239909510594146304
1239909519385190400
1239909520555589638
1239909522111639552
1239909522262671367
1239909527090323458
1239909528658993153
1239909530546221056
1239909532597391360
1239909533272735745
1239909533394374661
1239909543351549955
1239909547097182209
1239909551933136897
1239909564943757312
1239909565183012869
1239909566709747721
1239909577786875904
1239909581997985793
1239909586347458561
1239909589698609157
1239909590101344256
1239909597894279169
1239909601367273474
1239909604382969856
1239909606337523715
1239909610036789249
1239909612146634753
1239909620229050369
1239909620652498949
1239909621088825344
1239909623009861632
1239909624528211968
1239909628403564544
1239909631314534402
1239909632249913346
1239909636502945792
1239909636934959105
1239909637530554369
1239909641045278721
1239909641653497861
1239909656258056194
1239909656421687297
1239909663409426434
1239909665925931008
1239909666395697156
1239909669189148672
1239909674381529089
1239909676583616512
1239909682963087360
1239909684540108802
1239909687337930752
1239909693503438849
1239909695395110912
1239909695957106688
1239909699312594951
1239909702785544194
1239909703582441472
1239909704354193408
1239909705750851586
1239909706069671937
1239909707101294593
1239909709462765568
1239909711102820352
1239909716685447169
1239909719080394753
1239909721110388737
1239909721932304385
1239909723052191750
1239909725904535552
1239909726286221319
1239909727691309063
1239909729230610432
1239909738961178625
1239909740307718144
1239909740467163144
1239909742497140737
1239909746850832384
1239909746913808384
1239909753544830976
1239909754706616321
1239909763229437952
1239909765586792451
1239909780128321536
1239909780162035714
1239909784498962432
1239909790031077378
1239909798520532992
1239909800860762113
1239909805004738561
1239909806787497985
1239909810667225090
1239909811145367553
1239909811237474305
1239909815893311492
1239909816908341248
1239909819152244739
1239909827062706176
1239909827612033024
1239909837624029184
1239909838345437186
1239909841143037952
1239909846637477888
1239909846801092611
1239909851599384578
1239909852912201728
1239909853478486017
1239909854329950209
1239909857844592640
1239909862839963649
1239909869601390592
1239909878656831489
1239909879864635393
1239909880313643009
1239909880821157888
1239909885300662272
1239909886517010433
1239909886848380929
1239909888375042049
1239909888559587329
1239909893806710785
1239909906402197507
1239909906926444544
1239909910537809922
1239909914949996546
1239909917831692289
1239909920067239936
1239909923997339649
1239909926551552000
1239909927029792769
1239909931186302976
1239909937926606850
1239909948815028224
1239909953952985094
1239909956658200586
1239909957463609345
1239909959703228417
1239909965210533888
1239909968733589504
1239909971464241153
1239909979743797249
1239909984504369154
1239909986706296834
1239909987209498626
1239909988128210945
1239909995317211138
1239910007174553600
1239910019405090819
1239910021430947842
1239910022068477954
1239910023003693057
1239910023758614529
1239910023976890368
1239910028162801666
1239910031572660227
1239910034450059264
1239910034676387840
1239910037683867650
1239910039885840390
1239910044310941698
1239910044855980033
1239910046265487361
1239910047033024514
1239910050468159491
1239910052967976962
1239910058944847872
1239910059636862976
1239910060572065792
1239910063050874886
1239910063789281281
1239910068960796675
1239910073251409920
1239910078213263361
1239910084617990147
1239910103152762880
1239910107091275776
1239910107682660353
1239910113609121792
1239910115135967237
1239910115811176448
1239910117841047555
1239910118243938306
1239910118784929792
1239910124648423425
1239910126489911297
1239910128167661568
1239910140398039051
1239910140939309056
1239910141182476288
1239910146236710915
1239910151227932672
1239910153379430401
1239910168302891008
1239910171176042500
1239910175147995137
1239910178025242626
1239910185046609920
1239910191623274496
1239910191807598594
1239910198539456512
1239910200003477505
1239910201786064897
1239910206319943680
1239910206911496192
1239910207121231875
1239910207330942977
1239910208685686784
1239910214398365697
1239910216885510145
1239910218252902404
1239910229334085632
1239910232144457731
1239910232349966337
1239910232391852032
1239910237089513475
1239910237672550400
1239910242135224321
1239910246648287234
1239910247160000512
1239910248145661953
1239910248724357120
1239910248804204548
1239910250276433920
1239910250817478658
1239910251568087045
1239910252688166913
1239910254248411138
1239910256001646593
1239910259101237248
1239910262523793408
1239910263551184896
1239910264901734403
1239910266206371842
1239910274179760135
1239910274846646275
1239910278378053633
1239910279481303041
1239910281427300352
1239910283268718594
1239910286771073024
1239910288314568704
1239910297294401537
1239910298288631808
1239910299333013508
1239910301170008068
1239910301753114626
1239910306098212866
1239910311731347462
1239910314298277888
1239910315455905792
1239910315497848832
1239910326029758469
1239910333864488961
1239910335760543744
1239910354949419014
1239910356803354624
1239910357029830656
1239910357168279553
1239910357231120386
1239910359705833475
1239910364747378688
1239910365774970881
1239910367389605888
1239910372754235392
1239910375421861888
1239910375895769088
1239910378408214528
1239910381646163970
1239910385077170176
1239910386033397760
1239910386184396801
1239910391443947520
1239910396556742657
1239910397957812224
1239910406987993095
1239910408909135873
1239910417159389189
1239910422607626242
1239910424558145538
1239910424809590784
1239910425514233856
1239910425833209856
1239910427712196610
1239910431059259392
1239910434628657153
1239910436125970434
1239910441020796929
1239910441507143685
1239910443323404289
1239910444065644546
1239910447794405377
1239910449082179587
1239910450814468099
1239910450919243776
1239910458259320835
1239910459656097795
1239910463703527424
1239910464416440323
1239910472691965952
1239910474755473408
1239910478412947457
1239910479859814402
1239910480585666566
1239910485215997952
1239910487149678594
1239910488353406983
1239910488936452098
1239910490417045504
1239910491184680960
1239910493902471170
1239910497262149634
1239910497736146944
1239910498726019077
1239910501699792896
1239910502106632192
1239910502148591617
1239910502580527104
1239910504921026563
1239910505193656320
1239910506091220994
1239910507655684098
1239910508431659013
1239910509828173825
1239910511153733632
1239910511816454144
1239910514504933380
1239910518422474752
1239910527310200832
1239910533043761155
1239910533752635394
1239910534587142147
1239910553054781441
1239910555344871425
1239910561615417346
1239910572554141697
1239910572835115018
1239910575548792833
1239910583757086720
1239910583933243392
1239910592862760965
1239910607744307202
1239910608775991296
1239910608897634304
1239910608897748993
1239910609203929088
1239910609258504194
1239910613247123458
1239910617168871424
1239910617298792448
1239910618972520455
1239910619245133825
1239910627143024643
1239910628036403207
1239910630703931394
1239910632490766337
1239910634608885761
1239910636160798721
1239910640560545793
1239910642951360513
1239910645090443268
1239910651948081155
1239910656863805441
1239910657098563589
1239910665697087496
1239910670717648896
1239910672260952066
1239910672701456386
1239910673410396161
1239910675163553792
1239910676333764609
1239910676795215873
1239910677038485504
1239910677466083328
1239910678619619332
1239910685661786112
1239910687524126720
1239910690380558336
1239910690766422017
1239910692595040258
1239910693517877250
1239910695203934209
1239910699524128768
1239910708751544321
1239910710127128577
1239910711020720128
1239910714308952065
1239910724023005184
1239910724656340998
1239910726975832064
1239910727143641088
1239910729752379392
1239910732101226502
1239910736702214145
1239910738166235137
1239910738761842691
1239910745254563841
1239910745506283520
1239910754297544706
1239910755933327364
1239910759477514240
1239910764707631105
1239910764896493571
1239910770676101125
1239910773620604929
1239910774568517632
1239910785796562944
1239910787088617474
1239910787470295040
1239910810421510145
1239910821435752448
1239910822224244736
1239910827458789376
1239910836547829760
1239910841303986178
1239910842549915648
1239910845351522306
1239910849600458752
1239910852964343809
1239910853446680578
1239910854826606594
1239910856277798914
1239910861805776896
1239910863131291648
1239910867115945984
1239910870466981889
1239910874392952832
1239910876192227329
1239910876460666882
1239910876603387904
1239910877278736389
1239910878776045569
1239910879027777536
1239910883553349632
1239910887189872640
1239910892449320961
1239910898187341827
1239910900221579266
1239910905158262784
1239910908425535489
1239910910157676548
1239910911227219968
1239910915161628673
1239910916348497920
1239910916646412288
1239910916868767746
1239910921209892871
1239910922396803074
1239910924548321282
1239910926935080960
1239910928239509504
1239910929178992641
1239910930399531008
1239910930802266113
1239910931267760128
1239910932253310978
1239910937139666950
1239910942458118145
1239910945922695168
1239910946627346432
1239910947810160642
1239910948439232515
1239910949575725056
1239910950498643971
1239910962465067008
1239910963761106946
1239910967653404675
1239910978122326016
1239910984010960896
1239910986204626951
1239910990600437760
1239910994043781120
1239910996254134272
1239910999454445574
1239911000276709381
1239911000889069569
1239911005800587265
1239911006245134338
1239911011961974785
1239911017943105536
1239911023068487681
1239911029074726912
1239911030526009349
1239911031591370753
1239911034011467777
1239911036620165120
1239911042299449347
1239911044430135299
1239911045562617861
1239911045617065992
1239911053267472385
1239911053426921474
1239911055784054785
1239911057289818112
1239911059470811136
1239911062775963655
1239911063220617216
1239911067326861312
1239911081587412993
1239911081629421569
1239911088759558146
1239911091024601091
1239911091175481345
1239911103238373378
1239911104664555520
1239911112348323840
1239911113241788417
1239911118950346753
1239911122830086144
1239911125363200001
1239911127737237510
1239911129800990722
1239911134481743872
1239911147467309059
1239911159010131971
1239911159613943811
1239911160901775362
1239911164835966977
1239911167365128194
1239911170854850560
1239911173497270273
1239911176051580933
1239911180011032576
1239911181189550081
1239911181621399552
1239911182405943297
1239911186759639042
1239911189892796416
1239911194028318720
1239911194376331265
1239911205722034176
1239911208435793920
1239911209870254080
1239911210532945920
1239911210683899905
1239911212969844737
1239911216908304385
1239911217159954432
1239911221303730176
1239911224189390848
1239911225158492160
1239911225502416897
1239911233408700419
1239911233828130817
1239911237225414658
1239911240622800896
1239911244305293312
1239911245483999236
1239911246842990597
1239911249632202752
1239911255231451136
1239911256712269824
1239911256892506112
1239911258415136776
1239911260193316867
1239911261590216704
1239911265625165826
1239911268460515328
1239911281873825792
1239911283505405952
1239911283920719873
1239911286235959297
1239911286458253315
1239911289633116160
1239911290832855041
1239911291067592704
1239911291688382464
1239911293441753092
1239911293525602307
1239911293714223104
1239911295350190081
1239911299527704576
1239911307052290049
1239911307090046978
1239911320742432768
1239911322004926467
1239911323682500610
1239911323908984835
1239911324047626241
1239911326119583744
1239911334382317570
1239911337700069377
1239911338362748930
1239911341739118594
1239911342477369347
1239911343693729793
1239911343701905408
1239911347250397190
1239911352673751044
1239911352698900480
1239911358235381760
1239911359313297411
1239911364107386880
1239911364111581184
1239911364719546373
1239911369123614721
1239911377210413056
1239911378779025409
1239911379340890112
1239911384890118146
1239911387641663490
1239911389306720256
1239911394209935361
1239911395929489413
1239911397074636807
1239911397972008960
1239911397976412162
1239911403210801153
1239911411624620033
1239911415785324546
1239911416888471553
1239911418188763143
1239911419828731904
1239911420436910082
1239911421753856000
1239911422701830145
1239911426703134723
1239911427978203137
1239911429391646720
1239911440796061696
1239911441957654528
1239911443333615618
1239911446865207300
1239911449117499393
1239911450723987457
1239911455283126273
1239911455962644480
1239911458336620546
1239911466570067970
1239911466687500289
1239911470030295042
1239911470332293120
1239911471880028161
1239911472601403392
1239911472769138690
1239911475122253825
1239911475386421248
1239911475529035777
1239911481845510144
1239911482151878656
1239911482512625664
1239911485670936576
1239911486534881280
1239911487365238785
1239911487533191169
1239911491177873414
1239911494457966594
1239911498367078401
1239911501751697409
1239911501999284224
1239911503479943168
1239911506420137985
1239911506654957570
1239911506743111687
1239911509309956102
1239911510048223232
1239911510622769152
1239911512719925253
1239911515395960832
1239911522333347842
1239911525269340162
1239911527425196037
1239911528868036608
1239911537390862336
1239911538221363204
1239911547993878528
1239911549290057729
1239911549633835015
1239911552100315136
1239911554344075264
1239911558043631617
1239911562153988096
1239911564804685824
1239911567136706562
1239911567828946944
1239911570135711747
1239911576754421760
1239911576838098945
1239911579023441921
1239911579065421824
1239911580701245446
1239911582416670723
1239911583498694657
1239911583532429318
1239911586317377538
1239911589664493568
1239911591052795904
1239911592072032256
1239911600213168132
1239911601098145797
1239911603300184064
1239911603316940800
1239911605925797889
1239911607867559936
1239911610916855816
1239911611382538241
1239911613395881985
1239911615102885888
1239911617287995400
1239911618315608064
1239911624015630336
1239911632081485824
1239911632110682112
1239911633868279811
1239911635415785473
1239911635445219328
1239911637567434753
1239911639429926913
1239911639706750976
1239911641636057088
1239911645624840198
1239911646551781376
1239911650720763905
1239911650792267776
1239911652419678208
1239911653153607680
1239911654235623424
1239911656299409409
1239911656710459393
1239911662926381056
1239911663211511808
1239911667816902657
1239911671369433092
1239911673089216513
1239911675157000193
1239911676964732930
1239911677983952896
1239911681922392064
1239911682626985990
1239911683432296450
1239911690856067072
1239911699110649857
1239911706559643650
1239911707184676867
1239911708531003395
1239911722325921794
1239911725354430467
1239911727707414535
1239911727812182016
1239911728541990916
1239911731922497537
1239911732249858048
1239911733831127040
1239911742924300288
1239911743310245888
1239911743771553792
1239911744715157505
1239911744727891969
1239911747718275078
1239911752193769473
1239911753259106306
1239911755909943301
1239911756773949440
1239911760255057921
1239911762750779392
1239911766672408576
1239911768408850433
1239911777732685827
1239911777900601345
1239911778865348609
1239911780144611331
1239911788168253441
1239911788272967681
1239911791427231747
1239911793180499968
1239911798138195969
1239911806866317317
1239911808699445248
1239911813694787587
1239911816890851328
1239911818564419587
1239911821672361984
1239911821907288064
1239911831080185856
1239911831793065984
1239911834410516486
1239911836960436226
1239911839405924357
1239911844556550145
1239911849145126916
1239911849593917440
1239911854123683843
1239911854849351680
1239911857156247554
1239911860058669057
1239911867490783232
1239911867994300417
1239911869021708293
1239911870426906625
1239911872129892352
1239911874004545536
1239911874902110208
1239911876135436288
1239911877079183361
1239911877745840129
1239911880006696962
1239911884368707584
1239911884536655872
1239911889028644864
1239911889410428930
1239911893189484546
1239911895961829382
1239911898226864129
1239911898705022981
1239911900248510467
1239911902526017536
1239911905906442241
1239911906170847235
1239911909144629253
1239911910100938752
1239911913477341190
1239911922151108610
1239911922545438723
1239911926269960192
1239911929486938119
1239911933744218112
1239911936822784002
1239911936986398720
1239911938123055105
1239911943001051137
1239911943957352454
1239911944502620163
1239911950378840064
1239911952811528192
1239911960361103364
1239911971052494849
1239911975523622912
1239911978828775424
1239911979617341441
1239911985317400578
1239911985728425984
1239911989956218886
1239911992539873281
1239911994351710209
1239912001339523075
1239912003625308160
1239912004246102017
1239912005579898880
1239912008285290498
1239912008662888449
1239912014916358150
1239912015302451200
1239912021270900737
1239912024974426113
1239912040808026112
1239912043177795584
1239912048609411073
1239912049590837248
1239912050819829760
1239912060290547713
1239912061716418560
1239912064102981632
1239912065520873474
1239912066393178112
1239912067014037505
1239912068045836288
1239912081073344517
1239912088287535105
1239912088325292035
1239912089214386176
1239912089587798017
1239912096818532354
1239912100820123653
1239912105693908992
1239912108847812608
1239912109527511045
1239912111221833731
1239912115345002497
1239912117534224385
1239912122529853442
1239912122839994369
1239912126032027648
1239912126291922945
1239912135435653121
1239912135670616064
1239912140636651521
1239912141869797383
1239912145929883649
1239912146483531776
1239912146890350592
1239912147997454338
1239912149822181376
1239912152007348230
1239912158110121990
1239912163050954760
1239912163956809729
1239912165487841286
1239912167824076800
1239912170931945472
1239912171452215297
1239912172051816448
1239912178448293891
1239912179974971393
1239912182688690178
1239912194965471233
1239912198769717253
1239912201995124738
1239912204276817920
1239912208903081987
1239912212598124544
1239912212828958720
1239912213575589888
1239912215228096514
1239912218839396353
1239912224220643328
1239912224791158784
1239912233817313282
1239912235507634176
1239912246962077696
1239912247671078916
1239912252221935619
1239912253333307394
1239912254138716160
1239912254449082373
1239912257724674048
1239912261512130565
1239912262329987072
1239912267103297538
1239912268709666819
1239912269833699328
1239912271477977088
1239912271872233473
1239912282609475584
1239912283213611015
1239912288892706822
1239912292801826816
1239912293204459522
1239912294013980678
1239912294332665857
1239912295083454470
1239912295179976704
1239912297348227073
1239912298778710017
1239912300552781824
1239912302545113089
1239912302834520064
1239912303492915200
1239912303954452481
1239912304713641984
1239912307104382981
1239912308433981443
1239912313458655233
1239912313555165184
1239912320022663168
1239912327601938434
1239912333276852224
1239912335428538368
1239912336481308678
1239912336661655552
1239912336896323584
1239912337697579009
1239912337936658433
1239912341044510721
1239912343036809217
1239912344295219202
1239912347159969794
1239912348439191553
1239912355150147584
1239912360137162754
1239912362737614848
1239912362808754178
1239912364247580672
1239912366009008135
1239912366730510337
1239912366894190592
1239912370077495297
1239912376905990144
1239912385554583552
1239912386347380739
1239912388444512262
1239912389681786882
1239912392353632259
1239912393968214017
1239912394060632066
1239912404118654976
1239912407083954181
1239912409516695558
1239912409990459392
1239912413056688130
1239912415359311872
1239912418165342210
1239912418551177216
1239912419784364035
1239912421269082112
1239912421873070081
1239912425056600065
1239912432446984193
1239912436842577921
1239912445138747392
1239912447009587201
1239912449316438016
1239912449672798208
1239912453682663425
1239912463405113345
1239912463694512128
1239912466617905153
1239912471487549440
1239912472879878144
1239912474037620738
1239912474234646534
1239912477472837636
1239912486603800578
1239912494304571393
1239912495793373184
1239912502944825345
1239912502974189568
1239912509886402561
1239912510762946561
1239912511681351683
1239912514755997696
1239912514789482498
1239912515166973954
1239912519126392837
1239912519168331776
1239912521831780352
1239912522184040448
1239912526671986688
1239912530908241920
1239912537535197184
1239912543931346944
1239912550776487938
1239912553914019841
1239912560171855873
1239912561417453568
1239912564978524164
1239912567620993029
1239912567948132353
1239912572788203520
1239912573698523142
1239912575443353602
1239912579079852033
1239912580409438209
1239912583303278592
1239912586407284736
1239912586436435974
1239912586956677120
1239912588051386371
1239912588265299968
1239912595970277380
1239912597497020420
1239912597505183744
1239912602500767745
1239912604753170432
1239912607236030466
1239912607399591938
1239912611816357889
1239912617684148227
1239912621618364422
1239912623296122893
1239912628274835459
1239912628794691586
1239912632951410690
1239912635711156225
1239912643483361288
1239912653633486848
1239912654115950593
1239912654443077638
1239912655470702592
1239912657320316933
1239912658297663490
1239912659371376647
1239912660679954433
1239912664031264769
1239912664245075968
1239912670008090631
1239912671115227137
1239912672600064000
1239912674332422146
1239912677981466624
1239912678895779840
1239912680397385736
1239912681404014593
1239912683102756865
1239912684285571072
1239912685040545792
1239912695576420352
1239912701024854017
1239912707668578304
1239912713318522881
1239912722541744130
1239912731014238208
1239912735057399811
1239912739893542912
1239912740568752129
1239912741286088704
1239912745983762433
1239912746470256642
1239912747804119048
1239912749993320451
1239912755416752129
1239912755529949185
1239912758600183808
1239912760277942273
1239912761569816583
1239912762203086848
1239912770822377472
1239912779420753920
1239912781006155777
1239912783266775040
1239912786353848320
1239912790577438720
1239912791533903872
1239912797217206273
1239912799691825152
1239912804943114240
1239912805253423104
1239912805316337665
1239912807388319745
1239912807870627841
1239912810232139783
1239912811456798720
1239912815248302084
1239912818213879810
1239912820663177217
1239912827416203269
1239912831388012545
1239912835234197506
1239912835267862530
1239912835792228352
1239912838711390210
1239912844000452609
1239912844616925186
1239912848643547136
1239912850581323780
1239912851806003200
1239912853890633730
1239912854821539841
1239912856826626048
1239912856956678144
1239912862325374976
1239912862778372098
1239912863025606662
1239912867899547648
1239912868964859905
1239912869396963329
1239912874153136129
1239912881417830400
1239912882365550593
1239912886178402309
1239912890431344641
1239912895846195200
1239912896504762369
1239912898572562436
1239912899012853761
1239912902955581440
1239912903752417280
1239912906784817153
1239912907682369536
1239912909813276678
1239912917178474499
1239912924526895104
1239912931241811972
1239912932508602369
1239912933204865025
1239912939391307778
1239912942856003585
1239912943443156992
1239912948543389696
1239912955581521922
1239912957980610560
1239912960459509761
1239912963374346241
1239912971251396608
1239912973868707841
1239912975990960128
1239912978885095424
1239912979539189761
1239912986292215815
1239912988024483840
1239912994089336832
1239912998531141632
1239913004361306117
1239913006701707265
1239913009952305154
1239913017363619840
1239913019359952897
1239913020798767105
1239913025898835969
1239913031305293824
1239913034430083072
1239913034895831041
1239913038121013250
1239913045146681345
1239913045167616001
1239913045511548929
1239913048183394304
1239913063085748227
1239913063308034053
1239913064981553159
1239913069377212416
1239913071860121610
1239913086481465345
1239913086850654208
1239913090080219137
1239913095801290754
1239913103552319488
1239913104202502147
1239913104672243713
1239913105536278530
1239913109235683328
1239913112695799810
1239913115237507076
1239913115510333441
1239913116042817536
1239913121608859652
1239913122560749570
1239913123177312258
1239913123651309575
1239913124599390212
1239913125463248897
1239913126666973190
1239913132098588672
1239913132295950337
1239913134439256064
1239913136238391296
1239913136800612354
1239913140084715524
1239913141481291778
1239913143121387521
1239913143163371522
1239913144518090754
1239913145642233856
1239913146158120962
1239913151321247744
1239913151547822080
1239913153921798144
1239913156840914944
1239913159281999873
1239913162238865409
1239913162549284865
1239913163455369225
1239913163749052416
1239913164457664512
1239913167452438529
1239913167876165633
1239913168484392960
1239913175937617920
1239913178135478273
1239913180094255115
1239913181574643712
1239913182778580992
1239913190894366728
1239913193323016192
1239913195290099713
1239913197999517696
1239913205285126144
1239913205343965184
1239913206727966720
1239913210519736322
1239913218786701312
1239913222876082176
1239913225107525633
1239913234246713346
1239913237988003843
1239913242475917312
1239913242987655168
1239913245604851713
1239913247379091457
1239913247949627392
1239913253574238208
1239913254895464448
1239913257240072194
1239913259609792518
1239913259777449986
1239913260381601792
1239913269357195268
1239913272964505602
1239913275510456321
1239913275728334849
1239913280501579777
1239913281407483904
1239913284599517186
1239913288412082176
1239913292350369793
1239913293004697600
1239913293596299264
1239913305952661514
1239913307403943937
1239913307655606273
1239913310021021699
1239913312789434368
1239913314781745152
1239913320175542273
1239913323161890817
1239913323405115392
1239913325825273856
1239913327158935554
1239913332154474497
1239913332703997953
1239913340895461376
1239913343558639619
1239913343621742593
1239913346033475584
1239913347069378560
1239913347639844864
1239913356296957952
1239913356984832000
1239913362789666818
1239913372495331328
1239913374294605827
1239913374806409220
1239913376987459584
1239913378728087553
1239913381261262850
1239913385967464448
1239913386697273345
1239913389297668097
1239913389964562433
1239913390211878913
1239913391050895360
1239913393705844736
1239913394561572864
1239913398030213127
1239913398386688001
1239913399523344385
1239913400936751104
1239913402161680390
1239913410697080832
1239913413268197378
1239913418464858112
1239913419593129985
1239913421568643078
1239913423137206273
1239913427075657730
1239913427268747264
1239913432780099584
1239913437616123904
1239913444234625025
1239913454040952833
1239913454716235776
1239913456070987776
1239913458218516482
1239913474253361158
1239913476249792513
1239913477302517763
1239913479139713024
1239913480297140226
1239913484831395840
1239913487133847556
1239913489679998979
1239913492926410753
1239913497502326787
1239913498014072834
1239913500916449280
1239913505043726336
1239913506394329090
1239913510173319169
1239913512022966272
1239913517345464321
1239913520399028224
1239913527109976066
1239913531065147394
1239913533539663872
1239913534466805761
1239913537390161920
1239913539730657285
1239913541190246401
1239913549037740033
1239913562916769792
1239913564858695681
1239913565651259397
1239913565940789249
1239913568809750531
1239913570084597760
1239913570319634433
1239913573066964992
1239913573578670080
1239913574559973376
1239913578364317697
1239913584035012608
1239913585486290946
1239913587784577025
1239913601072271368
1239913603995590656
1239913618277388289
1239913628750528513
1239913633385152512
1239913634773508096
1239913649126494215
1239913650296688641
1239913654994251777
1239913655300509696
1239913658051743744
1239913659989725185
1239913660627238912
1239913672618672128
1239913677605797889
1239913686099095554
1239913689572048898
1239913693158219776
1239913697406939136
1239913700250619909
1239913703656448000
1239913704201674753
1239913705355325441
1239913706278006785
1239913708282773504
1239913709868376066
1239913714595147791
1239913714830184450
1239913717229334534
1239913720312139776
1239913723751321600
1239913725127274496
1239913726175858689
1239913728864325632
1239913733360701441
1239913735717871616
1239913741204041729
1239913743544233986
1239913748426522627
1239913749030428674
1239913751555391493
1239913753891594240
1239913757104635910
1239913757524004870
1239913761227419648
1239913771071660034
1239913773378318341
1239913774594826241
1239913779242119168
1239913785722314753
1239913791292354560
1239913793213399041
1239913801153011712
1239913802449240064
1239913804210884608
1239913804592484352
1239913811672363008
1239913811844435970
1239913819578740736
1239913821277388802
1239913822963609601
1239913824297328641
1239913826520387588
1239913830223941641
1239913830861455360
1239913832199475201
1239913833059278848
1239913834363715584
1239913836708343808
1239913838201450496
1239913839371657216
1239913844895612928
1239913847672233984
1239913847701622788
1239913849022799872
1239913849681297408
1239913851774054401
1239913854349373447
1239913861467320328
1239913862918529025
1239913863446921216
1239913865447501833
1239913865883705344
1239913868664737793
1239913870216638464
1239913870640234497
1239913878240276481
1239913878642974721
1239913880333189123
1239913891087503362
1239913895847919616
1239913899471888390
1239913900667047941
1239913906396676096
1239913908422488066
1239913911622795267
1239913914244034560
1239913921131274241
1239913922422927360
1239913924281196547
1239913924935315461
1239913925577043970
1239913926630027268
1239913929796534272
1239913934058029057
1239913938017542150
1239913939548291073
1239913943411425285
1239913947609907202
1239913948981399554
1239913952206680064
1239913952416579605
1239913953716850689
1239913954048163843
1239913956757692420
1239913957034528770
1239913957110042624
1239913959488131072
1239913961967009792
1239913962604507137
1239913967826489344
1239913968694702081
1239913969357381632
1239913970019926017
1239913971249033217
1239913972981288961
1239913973861974017
1239913974595977218
1239913977905373186
1239913978437885953
1239913981197848582
1239913983785795584
1239913984805015553
1239913987816542210
1239913989405958145
1239913989922074630
1239913990916132870
1239913998662991872
1239914006367928320
1239914007898624000
1239914017117868033
1239914022960615425
1239914026148204545
1239914026974490624
1239914027180048385
1239914036512227328
1239914037149945858
1239914037372125185
1239914037711753216
1239914040001994753
1239914043449561089
1239914043940487169
1239914046607912960
1239914049300725760
1239914060365336578
1239914061594349568
1239914063544664066
1239914066296147968
1239914066757419008
1239914069303402502
1239914070133932034
1239914071077642242
1239914071111151617
1239914071996194817
1239914072944115712
1239914086839681030
1239914088303558656
1239914094246977537
1239914095689826311
1239914095891144706
1239914096868257797
1239914098785165312
1239914100546777090
1239914102513971200
1239914103981912064
1239914106817306625
1239914111128834049
1239914112739655686
1239914125360316418
1239914130632556545
1239914132037566464
1239914135028215808
1239914135132999680
1239914137158848515
1239914138614116353
1239914138903683078
1239914140262596608
1239914141696966658
1239914144314294273
1239914145249722375
1239914151125884928
1239914151725555712
1239914163805343746
1239914163864035333
1239914164014940164
1239914164539330562
1239914171287908353
1239914171459727361
1239914171606630400
1239914181857607680
1239914188044226561
1239914196768305152
1239914202048933889
1239914202267033600
1239914209309319170
1239914210936545280
1239914214350901250
1239914215168761858
1239914217253339140
1239914221204156418
1239914225797136386
1239914226799349762
1239914229932703746
1239914232579309569
1239914234932334593
1239914239512494083
1239914239667646464
1239914239705350144
1239914243438325761
1239914244247879680
1239914247649255424
1239914247825395713
1239914249658327040
1239914252598722560
1239914256075759624
1239914256377597953
1239914256562176000
1239914268260290561
1239914268310548484
1239914271015931905
1239914273113063426
1239914280972980225
1239914281111560193
1239914282151600130
1239914285779890176
1239914300925513728
1239914301563064323
1239914304947748867
1239914308403974145
1239914309788065792
1239914312946384896
1239914313772494853
1239914318709301248
1239914328309956609
1239914330407211009
1239914332286263299
1239914333661990913
1239914344625954816
1239914351244513280
1239914356453912579
1239914359737942019
1239914366708772864
1239914369993125888
1239914378880671750
1239914380323696640