1239702990975467522
1239702991361511426
1239702995304054790
1239703000291184645
1239703012509089795
1239703020394491906
1239703021891846144
1239703024903188480
1239703026979520517
1239703035456126976
1239703036068585475
1239703036680945665
1239703040220946435
1239703041109942272
1239703058067701760
1239703059741192194
1239703077529063424
1239703078246535175
1239703082050732035
1239703092389699585
1239703095321309185
1239703100295913473
1239703105215832064
1239703106058735617
1239703106612596737
1239703109561180167
1239703126468448257
1239703133443567616
1239703140104048642
1239703141765054465
1239703148538798085
1239703149545390080
1239703169027854337
1239703183141806082
1239703195196305408
1239703199549804544
1239703204138491904
1239703205459529728
1239703226007597056
1239703231929790466
1239703237776859138
1239703245490139136
1239703248954691585
1239703253987844098
1239703256303050755
1239703261428375553
1239703261642403840
1239703276687437827
1239703280063787010
1239703284572717057
1239703296698392576
1239703308605980678
1239703310858248192
1239703321633378304
1239703322946342924
1239703345171922945
1239703351396311048
1239703355070562306
1239703357683572737
1239703367280144384
1239703370283147264
1239703373273878529
1239703394341867523
1239703395340111872
1239703397244309504
1239703405188149248
1239703422854746112
1239703428512669696
1239703428713988096
1239703431327166466
1239703437123686402
1239703440911032320
1239703443729719296
1239703451619061761
1239703471869353986
1239703490198269952
1239703493360758784
1239703494384214016
1239703497479614466
1239703498947727365
1239703503418691585
1239703508166868998
1239703511257870336
1239703511790575616
1239703520904970245
1239703521219489792
1239703525610962946
1239703541691723776
1239703546020257792
1239703548537049088
1239703549434572800
1239703564743778306
1239703569042944001
1239703585774059521
1239703597836840960
1239703613943021569
1239703616195305472
1239703639293407233
1239703644007583744
1239703645291069440
1239703649871224832
1239703667181096960
1239703670155067392
1239703675850952709
1239703695652057088
1239703734927724551
1239703737586704384
1239703744998244353
1239703758419812357
1239703765453869057
1239703765734682624
1239703772814815235
1239703773020291074
1239703774425255937
1239703783296434176
1239703785250926593
1239703788702912512
1239703788757430272
1239703793945600000
1239703806667116546
1239703809405800449
1239703816657723395
1239703818465472512
1239703820713656321
1239703822978539520
1239703823628763139
1239703826711470081
1239703830117224448
1239703835955752962
1239703836006236160
1239703838476689410
1239703839013359616
1239703840657682435
1239703857925623811
1239703891480117249
1239703905640108035
1239703911386288128
1239703914129154048
1239703917669126144
1239703919888039938
1239703944827289600
1239703952016453632
1239703965408911360
1239703981225472000
1239704004583723010
1239704016105476098
1239704021104914432
1239704028306493440
1239704029485101056
1239704030957338624
1239704041581510658
1239704046748884992
1239704057394184193
1239704059201937409
1239704062401990656
1239704083147247621
1239704085701541892
1239704095100940288
1239704100578754564
1239704106169745408
1239704114537390081
1239704127996932097
1239704130827976706
1239704145436856320
1239704147160686592
1239704179913916419
1239704182430392320
1239704193864171520
1239704218178588678
1239704229834612736
1239704231742971904
1239704238273499137
1239704240651714560
1239704244346904583
1239704273245667330
1239704279402844162
1239704283215323137
1239704285216112642
1239704291083862016
1239704291583176707
1239704292673687552
1239704328140718082
1239704337603067904
1239704342409723904
1239704345995698176
1239704348432703490
1239704353969262595
1239704367868989440
1239704372898119681
1239704374936567809
1239704395723481089
1239704397388472320
1239704404627845120
1239704408394522624
1239704412941168640
1239704417466712073
1239704431131799553
1239704433585467394
1239704449062326273
1239704454854782979
1239704455387512832
1239704467169112064
1239704481148948480
1239704490388926470
1239704498051874818
1239704510068654082
1239704528854765568
1239704533086986241
1239704542167662593
1239704548731760641
1239704552783388672
1239704566377127941
1239704568436609024
1239704572135985153
1239704572362399746
1239704587935698945
1239704589261131776
1239704589877661696
1239704590175567874
1239704613462433796
1239704641060966409
1239704651349364736
1239704653056663554
1239704672182525956
1239704677115138048
1239704697973456896
1239704699227582464
1239704699571445767
1239704710296285184
1239704719356039169
1239704731464974336
1239704739052498944
1239704739731976194
1239704749232005121
1239704752935616512
1239704756240736261
1239704761764626434
1239704772053213192
1239704775647772673
1239704794459074560
1239704797101428736
1239704808379957248
1239704812343545857
1239704827044728832
1239704833893990400
1239704842450411521
1239704845184929792
1239704854374703104
1239704855742164993
1239704876671619073
1239704876675993601
1239704877887918080
1239704883424624648
1239704895298711552
1239704899971145729
1239704902206656516
1239704909232123904
1239704913023840256
1239704913501806592
1239704915712319493
1239704930937683968
1239704943268896770
1239704947152781315
1239704947312246786
1239704961358934022
1239704962206220294
1239704964903194625
1239704990068944897
1239704991310524425
1239705009585086465
1239705010520428544
1239705040014544896
1239705043907067905
1239705050202746882
1239705060751351813
1239705067126755329
1239705073015537664
1239705080074514432
1239705080523296768
1239705087204868098
1239705096381849600
1239705116283932672
1239705118120882176
1239705137959952385
1239705144687722500
1239705170457452544
1239705189256507395
1239705189831106560
1239705189961076738
1239705203957514241
1239705205538803712
1239705207065522176
1239705207916900355
1239705213772193792
1239705227655122944
1239705233120546818
1239705237511798785
1239705238698962945
1239705241320173568
1239705265924190209
1239705270344765440
1239705273545220099
1239705279295414272
1239705288544059392
1239705293300391938
1239705295179390978
1239705297243058177
1239705299310850049
1239705312883437568
1239705313307176960
1239705320596934656
1239705348304322560
1239705365811347457
1239705370026823680
1239705372086206467
1239705375135412225
1239705378537029632
1239705384463536128
1239705414192836608
1239705414847139840
1239705429409742849
1239705429535535104
1239705429850173440
1239705435411599360
1239705435675869184
1239705447260516352
1239705451014557696
1239705456349720577
1239705492345192448
1239705494354153473
1239705494853427200
1239705507276804097
1239705511789912065
1239705526142930944
1239705526218473476
1239705527174733824
1239705552122523652
1239705556748828673
1239705573895086087
1239705593520128001
1239705596527435776
1239705600809820162
1239705613799735302
1239705617700438017
1239705620003028997
1239705634796339202
1239705638822916096
1239705661035986944
1239705689393516550
1239705695404072962
1239705708347695104
1239705709945786370
1239705711904423936
1239705712156180481
1239705718774730752
1239705721316360193
1239705724621475840
1239705731638517761
1239705732079071232
1239705734625087494
1239705737296633856
1239705741444780032
1239705742631993346
1239705746654232580
1239705756301230085
1239705759631499265
1239705764215885824
1239705774860963840
1239705776744251394
1239705778556153857
1239705794011992064
1239705807781949440
1239705813150621696
1239705819798700032
1239705821535076353
1239705825515626497
1239705826769555456
1239705827209965568
1239705852778557442
1239705859116195841
1239705863088156672
1239705865902579712
1239705866753970177
1239705868452724736
1239705874408628225
1239705874437996545
1239705878548406273
1239705894235131907
1239705896717967360
1239705900908253190
1239705924878688257
1239705936928870408
1239705951751585793
1239705955497099265
1239705956134588416
1239706003140161536
1239706006180859904
1239706024140877824
1239706025231409152
1239706030155665408
1239706037621579782
1239706041400430592
1239706044965715973
1239706045552840704
1239706051982704642
1239706065819729921
1239706072706961409
1239706073927421954
1239706087907045376
1239706097058902016
1239706101911883782
1239706102452740096
1239706103262457856
1239706103761567744
1239706117317562374
1239706118672338944
1239706120773447680
1239706134522597376
1239706138477842432
1239706139824140288
1239706146513903616
1239706161953124352
1239706163760885760
1239706168467095553
1239706169423298560
1239706175177777152
1239706175278649345
1239706183063072768
1239706183469944835
1239706208677908480
1239706221353086976
1239706235324293124
1239706253259137025
1239706254878089219
1239706264742924293
1239706265275768839
1239706290177392642
1239706326680436737
1239706328257486852
1239706343403126784
1239706343939829760
1239706347769389056
1239706350289973249
1239706354329231366
1239706357403488256
1239706378819776512
1239706383714582529
1239706387883622406
1239706393625722881
1239706397236854784
1239706399153754117
1239706399766130688
1239706404014788609
1239706411950436352
1239706417134628864
1239706434692136964
1239706439674970113
1239706439729524741
1239706443844063232
1239706451947458560
1239706452090138624
1239706455143600129
1239706476903649280
1239706478925266944
1239706481605455873
1239706485459845123
1239706486261063681
1239706487171289088
1239706501796605952
1239706505332613122
1239706513754787847
1239706532754923522
1239706543664304129
1239706551734153216
1239706551868325889
1239706557916512258
1239706561775312903
1239706562186354696
1239706565122363392
1239706570994393094
1239706575461208065
1239706579265638400
1239706590757801985
1239706598647320576
1239706599368855555
1239706602594136064
1239706605022662656
1239706610647400456
1239706627059658752
1239706644608512000
1239706645665480704
1239706650338119680
1239706650715533312
1239706656469954561
1239706664015724545
1239706666473586691
1239706670546268161
1239706671531708416
1239706677982695426
1239706679832457221
1239706681581408257
1239706690427199488
1239706690636918787
1239706703756656641
1239706707602944003
1239706714779332608
1239706722337533953
1239706731837612032
1239706732613402624
1239706742218543104
1239706742822522882
1239706765735804928
1239706765744320514
1239706770383216642
1239706779711229952
1239706783783976961
1239706795733651456
1239706804017401864
1239706806601109504
1239706811416092674
1239706812502298624
1239706825370501121
1239706835608797185
1239706842781093889
1239706851022864384
1239706854097219584
1239706880575975426
1239706883075661824
1239706884656906241
1239706890311020546
1239706910800121856
1239706912574373891
1239706916424757256
1239706926151319554
1239706927279423488
1239706933986123776
1239706948897058818
1239706971768414209
1239706983134978050
1239706983315288066
1239706985710473216
1239706991796400131
1239707001346646016
1239707008992825345
1239707009336909830
1239707020669919235
1239707027385040899
1239707036973035520
1239707042039738369
1239707043688259589
1239707050721992706
1239707068443103239
1239707076072361984
1239707081776619520
1239707083722940421
1239707086340177921
1239707105193365504
1239707109781991425
1239707138479525888
1239707141591543808
1239707146528477184
1239707150735245318
1239707156909133824
1239707169173495808
1239707172436447232
1239707185128620033
1239707197829001221
1239707199363936256
1239707202799063040
1239707203013152768
1239707215432474626
1239707217500274689
1239707228975894530
1239707229726494722
1239707234327805953
1239707236106227714
1239707237314105344
1239707247367860225
1239707249720717317
1239707263708942344
1239707271107497985
1239707275607961600
1239707282268516353
1239707285779333123
1239707311699976192
1239707318079688704
1239707322169032706
1239707325922971649
1239707348546891776
1239707353018019840
1239707355580968962
1239707356541444096
1239707386023198725
1239707388627881985
1239707399877013504
1239707401118453762
1239707416750477312
1239707417409130497
1239707429455007744
1239707437835456522
1239707454453268486
1239707460648275968
1239707465047998465
1239707479279353857
1239707503467745280
1239707510728261641
1239707521415147520
1239707527505469441
1239707529028030464
1239707534652575744
1239707550083436549
1239707559918858240
1239707569704312832
1239707572925538305
1239707574922088448
1239707587022635008
1239707590306791426
1239707591577608193
1239707603334238215
1239707607276744705
1239707615460032513
1239707620174266369
1239707628311171073
1239707630471282688
1239707635869519878
1239707640772476928
1239707653334589442
1239707656215904256
1239707660087410697
1239707660896870402
1239707662817742848
1239707667754606592
1239707680182276098
1239707680450715649
1239707684598759425
1239707693163507713
1239707695810088960
1239707727628095488
1239707728639115266
1239707733894414336
1239707734217375745
1239707737254232071
1239707755855982592
1239707756908687366
1239707761417617409
1239707775774662657
1239707792342011904
1239707793579524096
1239707796561637376
1239707816870531076
1239707817696727040
1239707825410097153
1239707837133205505
1239707839519571968
1239707841444876295
1239707848256434177
1239707849166598151
1239707850651377664
1239707861749583872
1239707862160433152
1239707875527643136
1239707880259010561
1239707882171629569
1239707883522187264
1239707886256865282
1239707888366628870
1239707888983199744
1239707919261634560
1239707928778678273
1239707932213702656
1239707948181413888
1239707955680940032
1239707963906023424
1239707969815597056
1239707977587683328
1239707983405297666
1239707998186016771
1239708004221472768
1239708011234570240
1239708017861496838
1239708023947395072
1239708026581344256
1239708033250471937
1239708033711824897
1239708046672134146
1239708065588535296
1239708110211735552
1239708134056353792
1239708135142469632
1239708144080650242
1239708149176766464
1239708150678380544
1239708151793868800
1239708152536264704
1239708156365807618
1239708192499798017
1239708193959432198
1239708210816331777
1239708236330094593
1239708254466277376
1239708260745252865
1239708274213236743
1239708276205461504
1239708277929398273
1239708279804235778
1239708279992967168
1239708285231460352
1239708286984884224
1239708289497268224
1239708294073257991
1239708298829430785
1239708311341187072
1239708319989760000
1239708322976002049
1239708324238671875
1239708330836348929
1239708338226704384
1239708352353112065
1239708359491796993
1239708377443446785
1239708382686150657
1239708392287059970
1239708396108091392
1239708414080692229
1239708418602160130
1239708431608668160
1239708433114226688
1239708445323882497
1239708465498488833
1239708473484554242
1239708484066668544
1239708495127236615
1239708496435666944
1239708496825929728
1239708516555747328
1239708535887474688
1239708545693577216
1239708547174162433
1239708550735302663
1239708568107929600
1239708568129097729
1239708573896237063
1239708577054547969
1239708579235536897
1239708584415571969
1239708589436125184
1239708592724275200
1239708614735974401
1239708634847891457
1239708645736185856
1239708649708122113
1239708665252204545
1239708666988814341
1239708668007870464
1239708669236908034
1239708669316603904
1239708674626650115
1239708677092900865
1239708690346913792
1239708693786243072
1239708716699660288
1239708718855589889
1239708730834538498
1239708736664539139
1239708749935382529
1239708751998918661
1239708761545011200
1239708767840686080
1239708768151064577
1239708777345093633
1239708778095755264
1239708788661334017
1239708788828954624
1239708793057021953
1239708797465235457
1239708800959029249
1239708803613982731
1239708812837257216
1239708835742277632
1239708841832407041
1239708855044628480
1239708864645410825
1239708874711556096
1239708888682897410
1239708908186267653
1239708911504101376
1239708940193206272
1239708944508915712
1239708946019074048
1239708952524255232
1239708958706864128
1239708964872388615
1239708975903453189
1239708978713681921
1239708986380816387
1239709012322467840
1239709032736317445
1239709035487621120
1239709038117519360
1239709066034688000
1239709066764652551
1239709095055233024
1239709104140058625
1239709119105437696
1239709124792811520
1239709143545634819
1239709153691455488
1239709167750762501
1239709170380791809
1239709179411140615
1239709196787937281
1239709203645845511
1239709204207874052
1239709220955664384
1239709221836345344
1239709240828276736
1239709253461512193
1239709255193804811
1239709269370511366
1239709271702605830
1239709290778071040
1239709291885596673
1239709296553644032
1239709368662269952
1239709375956041728
1239709381500874752
1239709392565489664
1239709396915101696
1239709400283176960
1239709402753531905
1239709404204879877
1239709404603322370
1239709404762705922
1239709411968335872
1239709412488593408
1239709415999180802
1239709426132684802
1239709429483749376
1239709430872039424
1239709431312547843
1239709433166467072
1239709458189758466
1239709458864824321
1239709459217145857
1239709463956905989
1239709474010652672
1239709477340880896
1239709487042265089
1239709495405748230
1239709508487622656
1239709513231429633
1239709514355609605
1239709514502483969
1239709530927312897
1239709533901066241
1239709534840471553
1239709537508233216
1239709552314068993
1239709558357934080
1239709559834456070
1239709578172018693
1239709579124051970
1239709582190088192
1239709585453264897
1239709620257476608
1239709630353117184
1239709636258750464
1239709643838013440
1239709671281156098
1239709677740384257
1239709695935311872
1239709698984738816
1239709708837171202
1239709713320853504
1239709720073682947
1239709721029943296
1239709725949911040
1239709757830725639
1239709761320484872
1239709764805963779
1239709768681480194
1239709770053009408
1239709782531080198
1239709785559187457
1239709794321260556
1239709798750466051
1239709801074081793
1239709815557021696
1239709815942729728
1239709823786201088
1239709824444542978
1239709826810142725
1239709828446027777
1239709838923325440
1239709849698459648
1239709856505794562
1239709870041042949
1239709870405935104
1239709870519201793
1239709884091740160
1239709893864689665
1239709897161412609
1239709897203146752
1239709900780994560
1239709946985488388
1239709952261922820
1239709952928878592
1239709961204031489
1239709965629218817
1239709966879129600
1239709972830666752
1239709972868608000
1239709976601518080
1239709986298552320
1239709987850653696
1239710012106301442
1239710013825921024
1239710030166929408
1239710045576679424
1239710048231849985
1239710057551421441
1239710063918493697
1239710065155690496
1239710068699848704
1239710069236936704
1239710070293688320
1239710071841599489
1239710087196938242
1239710098710134784
1239710108063596544
1239710118461075456
1239710153655455744
1239710154989481984
1239710156079972353
1239710174295625728
1239710193618911232
1239710214242234371
1239710214875734017
1239710221032800256
1239710226519113728
1239710239500492800
1239710242901876736
1239710244277825537
1239710261151322113
1239710267761725441
1239710274388512768
1239710280927641601
1239710287999184896
1239710288997482497
1239710294009475072
1239710298661060609
1239710304365244416
1239710314574360577
1239710315769716736
1239710324179304448
1239710324871356417
1239710339001806848
1239710345016627200
1239710353820278784
1239710365820174336
1239710369536299010
1239710374292672515
1239710378130538496
1239710379346808833
1239710383172022272
1239710394131890181
1239710397592035328
1239710412867764226
1239710421486977025
1239710423164862469
1239710425186537473
1239710425970868225
1239710460859027457
1239710477170573312
1239710481302118400
1239710486427557895
1239710497294843904
1239710507554213896
1239710508460236802
1239710529511399427
1239710534271938560
1239710534687248384
1239710535916179456
1239710544703172608
1239710545835470848
1239710547173609478
1239710552303132672
1239710556405325824
1239710556862496768
1239710557013446656
1239710557189443584
1239710559748141057
1239710560041578496
1239710562650673158
1239710569730629632
1239710570905063425
1239710571961999363
1239710576898539520
1239710583760605185
1239710587988434945
1239710588768575488
1239710590622478337
1239710594506391555
1239710594732883968
1239710613305200646
1239710632909438977
1239710634545217536
1239710643927879681
1239710673904390144
1239710681882071040
1239710686009274368
1239710702778155010
1239710725687455746
1239710728837304322
1239710738689777666
1239710740598194176
1239710755621974016
1239710762689495042
1239710792737599489
1239710793219944453
1239710796034252801
1239710796218802176
1239710806692020224
1239710810869501954
1239710822793953280
1239710837897641985
1239710838103162881
1239710848613937153
1239710869505835008
1239710875046551553
1239710877298941952
1239710880394346498
1239710885947609089
1239710899952369666
1239710901600649216
1239710911264415751
1239710913558654976
1239710918109466627
1239710922190528514
1239710927525744640
1239710932059787265
1239710935742283777
1239710935947845633
1239710939630448647
1239710940716847106
1239710943568973827
1239710956520787968
1239710957904859136
1239710958110547968
1239710959515598849
1239710974912888833
1239710978788524035
1239710994244325376
1239710995783790592
1239711001538211842
1239711001798307840
1239711011894104064
1239711017149575174
1239711028021207041
1239711030781128704
1239711036539719682
1239711038276157440
1239711051605848064
1239711052113293315
1239711056219582465
1239711061487558658
1239711069922353163
1239711071667212288
1239711079619366913
1239711088402485249
1239711093552971780
1239711109386559493
1239711113291476992
1239711114440687616
1239711121340338176
1239711125211578370
1239711132706693121
1239711147537903617
1239711154630516738
1239711167444115459
1239711172569554947
1239711173441970186
1239711174863867906
1239711175853707265
1239711177682247681
1239711189212393472
1239711203305406464
1239711206841163778
1239711213573099520
1239711215682596865
1239711228731125760
1239711239128801281
1239711253536239618
1239711260163350528
1239711271655702529
1239711273639538690
1239711276151918592
1239711309957984256
1239711313833660418
1239711314844495878
1239711317172391947
1239711325456121857
1239711327200911360
1239711327217758208
1239711333614059520
1239711336931700738
1239711353700581381
1239711359098654722
1239711381391368193
1239711401498869760
1239711403285544960
1239711426341527553
1239711440040275968
1239711440556048385
1239711455034978307
1239711479311429633
1239711496063660039
1239711502271229953
1239711502589927424
1239711507430203392
1239711509518921728
1239711517173526537
1239711535875756032
1239711537171959808
1239711540183470081
1239711550195154944
1239711573289177089
1239711576933855239
1239711602355646467
1239711614686855168
1239711622354132997
1239711630155329536
1239711634089787393
1239711648933347328
1239711659016572928
1239711671817515008
1239711674958921729
1239711676368388101
1239711695003500546
1239711708710465536
1239711710723923969
1239711712170987523
1239711713240453122
1239711723222958081
1239711726481952769
1239711727878455296
1239711747222749184
1239711748560650241
1239711755191934976
1239711758979198976
1239711759545573378
1239711761130868738
1239711774062059521
1239711782035312640
1239711783499124737
1239711793666297862
1239711795025149952
1239711814381965318
1239711824037240844
1239711839212187650
1239711843607875584
1239711846925557763
1239711850071232517
1239711850452979712
1239711877262766080
1239711878898688005
1239711880672772097
1239711885123112961
1239711914801991681
1239711921915531264
1239711936339529729
1239711936780144640
1239711945936207872
1239711947941175297
1239711952726904833
1239711957583900673
1239711961161650184
1239711962461700096
1239711980962885633
1239711985572270080
1239711997538648064
1239712009425489920
1239712021488087040
1239712033773215745
1239712050495905792
1239712050667913216
1239712054279319553
1239712061095055361
1239712075661877248
1239712078665076737
1239712085275262977
1239712088236396544
1239712098193727488
1239712110797520898
1239712129151893506
1239712130246508544
1239712130938679301
1239712131152588806
1239712139389984768
1239712141982253057
1239712145287282688
1239712154841796608
1239712160839872518
1239712163159330816
1239712164081958914
1239712171602243584
1239712189944135682
1239712190661189632
1239712197346918400
1239712201092386816
1239712202422202368
1239712207509827585
1239712210982756353
1239712212131946499
1239712215567077376
1239712216670253056
1239712225641648134
1239712229953605633
1239712232717471744
1239712238992228352
1239712240887943169
1239712241118822400
1239712245531250690
1239712249393991680
1239712258789384199
1239712266334769152
1239712275973488641
1239712284341133312
1239712286505414661
1239712288245940227
1239712294734573569
1239712302254796801
1239712302322114562
1239712310274465792
1239712313999007746
1239712327089471488
1239712347125477376
1239712348996165632
1239712358617845765
1239712360765501442
1239712361386131457
1239712370785574912
1239712387445465088
1239712387621695490
1239712391845175303
1239712409394319366
1239712411529117697
1239712413169172486
1239712416151339008
1239712417807917057
1239712423386533893
1239712450800484352
1239712461412093962
1239712463790186496
1239712484769947648
1239712501421367296
1239712512326742016
1239712528499785728
1239712530764890115
1239712555146379266
1239712559793606656
1239712567624437761
1239712572464603136
1239712598175576064
1239712603158515712
1239712621877747714
1239712624373379072
1239712638545694726
1239712647014039552
1239712657218981928
1239712658011668482
1239712659198693377
1239712662419693574
1239712664432955393
1239712683429179394
1239712710041968648
1239712728622567425
1239712729893441539
1239712733437648897
1239712733592989696
1239712739502837760
1239712756401451008
1239712758389760007
1239712769655570432
1239712773996556289
1239712779180728320
1239712780501958657
1239712782926458881
1239712790052388866
1239712802765303809
1239712811506425857
1239712811548381184
1239712811862941703
1239712813188354049
1239712820977156096
1239712824923951104
1239712826022866946
1239712830099783681
1239712836764516357
1239712847409618944
1239712857920397312
1239712861825441794
1239712863268163585
1239712866334359559
1239712876102856706
1239712884793446403
1239712885691035648
1239712886836125698
1239712887817592833
1239712892980793350
1239712893127573506
1239712899590995977
1239712900505370627
1239712911842566146
1239712912421388288
1239712915596414979
1239712921715949569
1239712929169027074
1239712952640471047
1239712966385098752
1239712967534481412
1239712971456221184
1239712982948442112
1239712993719410688
1239713008852422657
1239713019078287364
1239713023545225216
1239713025323646979
1239713025504018434
1239713028251308032
1239713036060983299
1239713038141288448
1239713041782104067
1239713049042391041
1239713056650866688
1239713057476997120
1239713065865789442
1239713066452946944
1239713078125776897
1239713079518167041
1239713084970635264
1239713085054689281
1239713101865349121
1239713107993223169
1239713108186116096
1239713110883283072
1239713124132913154
1239713138645368832
1239713145804877824
1239713156156416000
1239713162544513025
1239713164872183808
1239713185634095105
1239713193494228998
1239713197436919810
1239713199282442240
1239713200129572864
1239713241087070208
1239713241317572609
1239713245902123009
1239713246380261376
1239713264361062400
1239713283889934338
1239713294736224257
1239713304257286149
1239713314676056064
1239713329490231298
1239713338252296194
1239713346464518144
1239713352718274565
1239713352860880897
1239713375782912000
1239713391066808321
1239713396037042177
1239713401863053313
1239713402748047360
1239713402748112896
1239713405264674816
1239713414244524032
1239713420770856961
1239713430866669568
1239713439469023232
1239713445127299074
1239713452723187713
1239713465117245442
1239713468736888832
1239713469647204354
1239713498487283712
1239713500513153025
1239713532297371648
1239713532897136640
1239713538412699648
1239713556318179328
1239713560294346752
1239713562442051584
1239713562765004801
1239713578896277504
1239713592208797696
1239713595191148546
1239713600933171200
1239713613897535488
1239713620185022465
1239713627583569920
1239713649528172544
1239713650413166592
1239713653001261056
1239713655312093185
1239713656096600069
1239713659103760385
1239713663495426051
1239713665906966529
1239713674438172672
1239713675218305025
1239713679760855041
1239713685213343744
1239713696064000000
1239713703852900354
1239713704578560000
1239713719375941632
1239713720185556993
1239713722928693248
1239713722991611904
1239713726779047941
1239713729207386112
1239713731342266369
1239713758382940161
1239713790972825601
1239713807741706240
1239713812103626754
1239713816361009152
1239713817489100802
1239713817711476737
1239713821310300160
1239713824338399233
1239713825735053313
1239713825949134850
1239713833393897477
1239713843884023809
1239713861487538181
1239713869238620162
1239713893322276864
1239713914339971072
1239713932815843329
1239713949261557760
1239713963769614339
1239713964768014337
1239713972632182785
1239713973223784448
1239713976893747201
1239713977166442497
1239713977250144256
1239713979762524161
1239713991124975617
1239714001740861440
1239714022980595712
1239714026600488960
1239714026776657921
1239714031059046400
1239714040974323714
1239714051137003520
1239714051459919873
1239714063950594049
1239714078958006272
1239714079435980801
1239714095261265921
1239714097144516608
1239714104459190272
1239714106292105217
1239714111543541762
1239714117780484097
1239714119420448769
1239714132749946882
1239714133462974465
1239714137124614147
1239714148960727040
1239714153037611008
1239714161287929867
1239714161791094784
1239714163040997376
1239714168065802241
1239714174231408646
1239714175573622784
1239714181378535426
1239714185740554240
1239714188748099586
1239714189918326784
1239714195068813312
1239714209866420226
1239714215847395328
1239714220297650180
1239714221413236742
1239714233891180546
1239714248898551808
1239714252698550275
1239714254506377217
1239714265830842368
1239714302329839617
1239714309908938752
1239714314921152517
1239714317894848513
1239714318154858496
1239714319249494016
1239714325968887808
1239714328476966912
1239714334198161408
1239714339969531906
1239714353366138880
1239714379999764482
1239714394856140803
1239714395355308033
1239714397389348864
1239714409523687425
1239714411872485382
1239714421334827010
1239714437109440512
1239714440699727872
1239714442193010688
1239714460933206017
1239714488552755200
1239714495397683201
1239714509801033733
1239714510023397376
1239714517019430913
1239714518810480640
1239714522530754566
1239714533595283456
1239714536153845766
1239714542654980098
1239714568290484225
1239714569918066690
1239714570987438080
1239714574720360449
1239714579699007488
1239714585004957696
1239714595939516418
1239714604214652933
1239714611068162048
1239714612565684224
1239714617015885824
1239714619532468225
1239714620010573829
1239714649366335488
1239714654072573952
1239714660640673793
1239714664587472896
1239714673479606273
1239714676071632896
1239714681226330113
1239714703338766336
1239714705913942016
1239714706094321664
1239714708380250117
1239714712809426944
1239714719893581824
1239714721525202944
1239714730413088769
1239714734875848704
1239714744862478336
1239714748532494336
1239714749035810825
1239714749559918592
1239714762025549824
1239714789133344773
1239714789758324738
1239714796171341825
1239714799400800256
1239714805570605058
1239714809844764674
1239714811421868032
1239714821123252225
1239714823123996673
1239714830254301190
1239714845060145152
1239714845622030338
1239714852014149632
1239714853734014976
1239714854677762048
1239714859010478083
1239714870192308225
1239714889771384836
1239714905378435072
1239714908385746946
1239714911573487616
1239714928346509312
1239714931529920519
1239714933861781505
1239714934038167553
1239714939297726464
1239714939968856064
1239714957886771200
1239714958666940416
1239714964413100032
1239714967852650496
1239714972562640899
1239714987582599170
1239714988635443201
1239715002321338372
1239715047624134657
1239715048685285376
1239715069295984652
1239715071883952128
1239715072122839041
1239715074039824393
1239715076120051713
1239715082457755650
1239715084970217478
1239715089185415169
1239715090934435842
1239715107481047043
1239715107564904448
1239715118373634049
1239715118688210947
1239715125160038400
1239715137906343936
1239715152276140032
1239715164083159041
1239715182034792448
1239715209360490496
1239715221113131010
1239715233494695936
1239715233683451906
1239715250339020800
1239715260157890563
1239715289442463744
1239715290528841730
1239715312821399559
1239715315639939072
1239715329674301443
1239715367573954566
1239715390571180033
1239715393608056832
1239715412754853888
1239715447240642560
1239715450407268352
1239715454949736449
1239715466672816129
1239715472578240512
1239715501267390464
1239715513401397248
1239715521219657728
1239715546268151808
1239715547144732673
1239715549967339520
1239715551628398594
1239715555994714114
1239715561963126784
1239715563397689346
1239715573564661761
1239715574332129285
1239715606011748355
1239715608624631808
1239715619114795009
1239715636336525315
1239715657249366016
1239715659770138625
1239715676144594944
1239715677197553677
1239715687607586818
1239715700618428416
1239715706339500033
1239715708428341251
1239715725574574080
1239715734722314247
1239715740724293632
1239715749133869056
1239715750052495360
1239715763918905352
1239715763977703425
1239715793241284610
1239715827206815750
1239715830276984833
1239715837189259268
1239715841798742023
1239715876011638785
1239715885474029569
1239715899998793728
1239715900502179841
1239715905145393152
1239715906944675840
1239715911382085633
1239715919456120833
1239715922979557376
1239715924095012864
1239715941048627200
1239715943854505984
1239715965262163968
1239715969666179072
1239715971595751425
1239715976771444738
1239715991569010688
1239715993938726915
1239716005271797761
1239716008115437574
1239716008635629568
1239716011802152960
1239716018575925248
1239716038364794883
1239716039518294016
1239716043217604608
1239716053325840384
1239716062624653313
1239716065908850688
1239716069205512193
1239716069503205381
1239716073710202888
1239716075283062790
1239716079158648844
1239716092450230277
1239716094648221697
1239716095231057921
1239716109416370176
1239716126403239941
1239716144849674240
1239716157155717120
1239716177753985026
1239716178626560001
1239716184221601793
1239716193210163204
1239716193470222336
1239716201074475008
1239716207546077185
1239716207655374850
1239716208351391744
1239716229901885440
1239716232007266305
1239716239385264128
1239716241557917697
1239716258825854978
1239716271027040257
1239716292296351744
1239716304094806016
1239716306477252610
1239716306577838082
1239716307622416384
1239716337234014208
1239716341130592258
1239716347052949505
1239716348617355264
1239716349972221953
1239716362483675136
1239716362823643137
1239716366502039557
1239716380498247680
1239716381311950849
1239716383052750848
1239716399087587330
1239716400110895109
1239716403600482304
1239716405534052353
1239716414040178690
1239716419388006401
1239716444431994880
1239716452296462338
1239716459678400515
1239716467651862535
1239716484177203200
1239716495665569800
1239716509833822208
1239716510924496897
1239716516561592323
1239716519434543105
1239716523272474625
1239716529668841475
1239716536518086658
1239716542629150721
1239716557284167682
1239716559431651334
1239716569183182848
1239716570353545217
1239716571322486786
1239716573696458754
1239716576993083392
1239716577454567424
1239716580407283712
1239716583838232577
1239716591278755840
1239716598279176193
1239716610497220608
1239716613483425797
1239716619607248901
1239716620848766977
1239716621947514880
1239716641807589376
1239716652259905536
1239716667908816896
1239716686581784576
1239716686955081728
1239716701794598915
1239716703019380739
1239716703803568130
1239716706072891393
1239716708400508930
1239716718483845120
1239716727962980354
1239716733880913921
1239716741065957377
1239716745797083138
1239716768253390848
1239716771185266688
1239716775840714753
1239716789510008833
1239716804123131905
1239716813518168066
1239716818018643968
1239716832073793541
1239716835865567233
1239716836515536901
1239716842144325634
1239716851762028544
1239716858816684032
1239716869579378690
1239716879033421826
1239716891117019136
1239716897664442369
1239716904798806016
1239716925653090305
1239716957424766977
1239716965507309569
1239716989691559936
1239717001129574400
1239717003985915904
1239717008570286081
1239717009992167426
1239717010633719809
1239717014060634112
1239717019911696386
1239717035589828608
1239717049229770755
1239717049334546432
1239717063079407617
1239717070368985088
1239717074416455682
1239717098282045440
1239717137985536000
1239717138539188224
1239717151763644417
1239717174870081537
1239717201965449216
1239717209007521792
1239717216066699268
1239717219182841856
1239717231937769472
1239717234328690695
1239717239999172610
1239717247951810561
1239717265756450816
1239717268956704768
1239717273792843782
1239717276124737536
1239717288795873280
1239717293480914953
1239717301575974913
1239717308211363840
1239717331716235271
1239717339106439168
1239717340218040325
1239717351563673600
1239717361243918337
1239717371444633602
1239717371591495680
1239717372782616577
1239717385273135108
1239717393955532805
1239717401366650880
1239717410036473858
1239717415413407745
1239717422493364224
1239717438461222913
1239717438838562816
1239717455100084224
1239717474263805957
1239717480257355778
1239717497768751104
1239717500197244928
1239717504727035904
1239717530278690816
1239717535597113347
1239717539921494024
1239717548339466242
1239717556564439041
1239717557856137216
1239717560008036352
1239717584393646081
1239717586880925697
1239717586969014272
1239717587967037440
1239717590991159296
1239717592236847104
1239717593679687680
1239717595747622914
1239717599614656512
1239717615154724865
1239717620728782851
1239717631223123968
1239717637023625221
1239717654719496196
1239717655646367744
1239717661635829761
1239717679834988551
1239717695186186246
1239717719311675392
1239717719903047680
1239717720297332739
1239717722839277568
1239717731626254336
1239717739146559489
1239717742137278467
1239717743219429376
1239717745480081418
1239717749112344577
1239717756888465413
1239717778082467842
1239717780330610688
1239717791042867200
1239717797074255875
1239717801381826567
1239717808541274113
1239717809640419330
1239717811133571077
1239717832239316995
1239717838446788609
1239717838870503425
1239717846990675975
1239717849708494851
1239717859669966848
1239717860735242247
1239717864224915456
1239717889852297222
1239717889978048512
1239717895841681409
1239717911805059072
1239717933250686976
1239717941458931713
1239717953307701248
1239717969980203010
1239717978003738624
1239717983141785600
1239717997238980609
1239717997641678848
1239718004499218432
1239718007858802688
1239718008173613056
1239718009176051713
1239718025277947905
1239718029879054336
1239718035016966149
1239718045695840256
1239718054830825473
1239718061222932480
1239718063173443584
1239718068231815174