1239808686631067648
1239808687088123905
1239808687125995520
1239808687369326592
1239808687415402498
1239808687704879104
1239808688140906496
1239808688778428416
1239808690166935552
1239808705941700611
1239808706101096450
1239808708990959617
1239808712128126978
1239808715185848323
1239808717278908416
1239808724413317121
1239808724501442560
1239808726682472453
1239808728871952390
1239808729316495361
1239808747314216960
1239808747763109889
1239808747985235968
1239808748186673154
1239808752875900928
1239808755027582977
1239808781925613568
1239808785788461061
1239808794223312896
1239808797159415808
1239808804117778437
1239808806315421696
1239808815849037824
1239808822106939392
1239808822962765824
1239808824585924608
1239808824992620545
1239808826578063360
1239808847860154368
1239808861814611968
1239808864897437697
1239808871490662402
1239808873080463360
1239808880303124483
1239808885780893696
1239808887634767878
1239808890671263745
1239808891178844161
1239808901547245571
1239808918999752705
1239808923047256065
1239808933155311616
1239808934921113600
1239808942898896896
1239808948716199936
1239808949991415809
1239808955536289792
1239808955569799168
1239808958308782082
1239808959743057923
1239808963945750535
1239808977573158912
1239808984988758018
1239808989082177536
1239808989375971328
1239809005473521664
1239809007419715584
1239809015585976321
1239809040496164864
1239809052630081536
1239809060725084161
1239809062931292160
1239809072230207489
1239809076630114305
1239809089418465280
1239809090349436928
1239809116312178688
1239809126550691840
1239809152614109189
1239809156632150026
1239809165578682368
1239809172201508865
1239809181491683328
1239809182129324032
1239809183521759232
1239809194095603712
1239809209002348544
1239809211204157441
1239809222654779392
1239809224139563008
1239809230292635649
1239809262798413824
1239809268729229317
1239809272424345600
1239809278841516032
1239809294075297793
1239809295971241985
1239809297724452864
1239809304238215168
1239809308038053888
1239809319077462016
1239809336479830016
1239809344197124096
1239809353290600448
1239809354133409792
1239809365818789891
1239809368335540224
1239809368570212355
1239809375839162369
1239809378670133249
1239809383913025538
1239809388958769152
1239809420512710656
1239809426321739776
1239809429412945920
1239809430872440832
1239809432554369024
1239809434630512641
1239809434664210432
1239809443061268480
1239809453953712128
1239809454838657024
1239809455224696832
1239809456831172608
1239809458479534081
1239809459850862598
1239809466629005313
1239809467606319106
1239809500606951425
1239809511508054016
1239809513013645312
1239809514980827141
1239809564628795392
1239809576511229952
1239809583327166464
1239809595272462338
1239809605284155393
1239809607016595456
1239809607104512000
1239809618546774016
1239809630093508609
1239809633256124416
1239809637391704065
1239809638389833729
1239809648565325824
1239809664465977344
1239809665967337477
1239809684502183938
1239809684644614144
1239809699496615936
1239809711295172611
1239809712398442496
1239809714592141314
1239809723651756032
1239809728726872065
1239809748847013889
1239809750214168577
1239809751040454656
1239809754123264001
1239809754886742016
1239809759886233600
1239809767679426561
1239809773136011265
1239809779343605763
1239809779524042752
1239809792337563648
1239809799350599681
1239809802433372161
1239809819168497665
1239809824482885632
1239809834947686400
1239809855054999553
1239809856346832897
1239809867981807616
1239809901662285826
1239809936407830530
1239809945597382657
1239809945715048448
1239809951880679424
1239809962680946690
1239809970398539782
1239810006251339776
1239810006528200704
1239810034940301313
1239810036341317632
1239810058151739393
1239810060756410368
1239810063260401664
1239810065240031232
1239810070495535105
1239810106780352513
1239810108621807617
1239810122739675136
1239810124702679042
1239810139898740736
1239810140641116160
1239810143153512451
1239810145481187330
1239810154234855424
1239810161163681792
1239810190947553280
1239810210241196032
1239810217904418820
1239810223667179520
1239810226850799616
1239810231632310272
1239810236325588992
1239810248237408258
1239810258245054466
1239810320086024192
1239810322451460097
1239810342965915649
1239810345293811713
1239810360129052672
1239810365283803137
1239810365879398405
1239810367280140288
1239810370493169665
1239810386205040645
1239810393347780608
1239810405754519553
1239810413849505792
1239810414441107458
1239810416466788353
1239810435324526592
1239810460020404224
1239810460721045505
1239810463308922888
1239810466110636034
1239810480505585664
1239810491997917184
1239810493348376576
1239810493847605248
1239810507336347648
1239810509609803776
1239810520397615104
1239810529516011520
1239810547333206021
1239810553813643266
1239810554346131456
1239810561195548677
1239810562835578881
1239810578404634625
1239810592480718848
1239810608364687361
1239810621954285568
1239810640799125504
1239810650852880384
1239810671069425665
1239810671774031872
1239810679898607616
1239810701880897536
1239810712911953921
1239810717559259136
1239810720440545281
1239810722688720897
1239810725058686976
1239810735779319808
1239810736324587520
1239810737700245504
1239810786467299328
1239810799230541825
1239810803693498368
1239810812383858690
1239810813075976192
1239810818817937408
1239810823813386240
1239810826447597569
1239810827466739713
1239810832923422720
1239810843673419783
1239810848832417792
1239810867362963458
1239810891773816832
1239810904876695553
1239810921679204352
1239810927878238209
1239810937521045504
1239810944693415937
1239810965794951170
1239810976008060928
1239810976611958784
1239810979497680896
1239811001773486080
1239811004034363394
1239811015337889792
1239811020346085376
1239811021058928641
1239811044177928192
1239811053221011456
1239811058476482560
1239811070337916929
1239811093368717312
1239811121080446976
1239811134372212736
1239811141141856257
1239811142110695425
1239811143532716032
1239811147764764672
1239811156753158146
1239811161538748417
1239811174595690497
1239811178408415234
1239811184573812737
1239811189393293312
1239811189649129473
1239811192987611142
1239811203792162816
1239811225136988160
1239811234695794688
1239811237078347776
1239811241532628993
1239811262306975744
1239811272377589760
1239811272427872257
1239811273996382209
1239811274311114753
1239811299124473859
1239811305533575168
1239811307991232512
1239811313108504578
1239811326773362688
1239811337292853249
1239811337385099265
1239811339444457472
1239811352153092096
1239811354694909952
1239811361594580992
1239811377016995840
1239811377440620544
1239811391927640064
1239811394955907076
1239811407299911680
1239811421132578821
1239811442649505794
1239811462014447616
1239811463188905984
1239811467886473216
1239811477722345472
1239811479391657984
1239811492318515200
1239811498949488640
1239811504318251010
1239811504477618176
1239811511058436096
1239811519044440064
1239811539554664448
1239811542243139585
1239811542457122817
1239811568965234689
1239811570554687488
1239811576984506369
1239811578519638016
1239811583225679872
1239811586694537216
1239811596584538115
1239811611000541185
1239811616423718913
1239811617409253377
1239811627589013504
1239811628268285953
1239811638372401154
1239811642495508480
1239811649055240192
1239811679619342336
1239811683822026752
1239811705946820609
1239811710464098304
1239811713152593920
1239811739224616960
1239811775383531520
1239811784606797825
1239811790697103360
1239811799299444737
1239811800797007873
1239811811022647298
1239811819369160705
1239811819620851712
1239811828244340737
1239811841234046977
1239811862503419904
1239811874256031744
1239811875669508096
1239811908208738306
1239811926122618880
1239811927565578242
1239811937497534466
1239811941893316612
1239812028619010048
1239812042371911681
1239812063985389568
1239812113482362882
1239812116019695616
1239812124467179521
1239812145912651776
1239812146088669184
1239812165491503104
1239812167001653249
1239812168561774592
1239812173330874369
1239812183480881153
1239812189109628935
1239812190107914240
1239812205010436097
1239812210538483713
1239812220080525312
1239812221343010816
1239812224904036352
1239812238480830464
1239812247020425216
1239812249088397312
1239812256440827906
1239812273398591488
1239812290414870528
1239812306684477440
1239812309679104000
1239812326938701824
1239812339102289922
1239812357821362176
1239812366407290881
1239812381896736774
1239812403824476161
1239812462003859456
1239812462125465602
1239812465484918784
1239812467674488833
1239812470765760512
1239812474326654982
1239812477962969090
1239812493674819584
1239812498879959040
1239812509944680449
1239812510200418311
1239812511014084608
1239812515288104960
1239812526121971712
1239812526533218305
1239812549287137280
1239812599635685376
1239812623870447616
1239812624394653699
1239812714152722432
1239812742862614528
1239812747996659712
1239812750856957954
1239812781584441345
1239812806293303296
1239812818741997568
1239812825494757376
1239812835846299648
1239812871850209280
1239812872240128000
1239812884890374144
1239812895795363841
1239812901793226756
1239812917618507777
1239812924060790784
1239812931640078337
1239812933972037635
1239812960966586369
1239812973952000001
1239812998954450945
1239812999516499968
1239813001936396288
1239813042679902208
1239813054663208961
1239813064037470209
1239813068168867842
1239813075718397952
1239813084597776386
1239813090839089153
1239813100330561536
1239813107511431169
1239813111499993088
1239813118420631552
1239813122837237760
1239813138490380290
1239813142202298368
1239813144278478848
1239813154873298944
1239813168735666177
1239813200708657153
1239813214382284806
1239813214390685697
1239813251145158658
1239813256409223168
1239813263157637121
1239813304429629440
1239813308137517056
1239813318031732736
1239813321139896320
1239813325724229632
1239813344426520576
1239813353888866304
1239813357219299329
1239813370443792385
1239813374608691205
1239813380522868736
1239813386822488064
1239813403662643200
1239813404212088833
1239813406082899968
1239813442921431040
1239813448395108353
1239813450152329222
1239813466111856640
1239813469794336769
1239813473737027584
1239813475322511360
1239813478187020289
1239813492565315586
1239813494456778752
1239813506263908352
1239813506897149953
1239813511787819008
1239813519081500672
1239813528917135360
1239813534659284992
1239813567521501184
1239813568368906246
1239813571002810369
1239813578980458497
1239813579248975875
1239813586240798721
1239813589134766080
1239813594298175491
1239813596382715904
1239813600744632322
1239813608072241152
1239813615005425664
1239813615676534784
1239813645623799808
1239813650631684096
1239813657707438084
1239813670013669377
1239813676665839616
1239813686316892160
1239813710174134272
1239813713470857218
1239813720261476353
1239813723176546304
1239813739395850240
1239813758047981568
1239813758391902209
1239813783259942912
1239813783972745216
1239813789886951424
1239813798309122048
1239813799340732417
1239813801568088064
1239813812288700418
1239813818773049345
1239813830760423424
1239813833444622343
1239813835680169984
1239813840319049728
1239813845415342081
1239813848288440325
1239813851819851782
1239813854525186048
1239813859440914435
1239813861659770880
1239813879108005888
1239813886435442689
1239813901459521536
1239813911685128193
1239813917137719296
1239813920606400513
1239813930844696577
1239813942056230912
1239813942668668928
1239813943566057473
1239813956627247105
1239813965481308160
1239813975795269632
1239813976596402176
1239813985387626496
1239813996208742401
1239814001904611329
1239814003234189313
1239814012491227136
1239814014705618944
1239814015045394432
1239814015607586816
1239814016676986880
1239814017021104128
1239814020150038529
1239814038579789826
1239814048884994048
1239814060474019842
1239814064521412608
1239814084465315840
1239814087095267328
1239814111971520513
1239814126106378240
1239814126693765127
1239814133824073728
1239814144729264128
1239814144968110081
1239814146855596033
1239814157035360257
1239814157366681601
1239814160264790017
1239814162555047937
1239814163469422594
1239814168783486976
1239814176668672000
1239814178757472256
1239814180255006720
1239814180359847936
1239814223963860992
1239814230783578112
1239814242485837825
1239814258365366273
1239814263490973696
1239814266301100032
1239814270654861312
1239814280758743041
1239814312811614208
1239814315949129731
1239814322894733312
1239814335079354368
1239814341073002496
1239814342364876801
1239814356260589568
1239814359422910470
1239814361784283141
1239814378993655808
1239814382097481728
1239814382214737920
1239814386006409219
1239814388485406721
1239814401730867200
1239814405342121984
1239814412762038272
1239814415798677507
1239814428994023424
1239814442675843073
1239814446597488640
1239814469133295616
1239814485604536323
1239814494156701697
1239814511214743553
1239814513873932291
1239814523176931328
1239814537437642752
1239814559843733504
1239814573261115392
1239814612662419457
1239814614440763392
1239814622871343104
1239814627967545344
1239814646737092608
1239814662176169985
1239814672976658432
1239814682979864579
1239814683756027905
1239814685354065920
1239814687103111168
1239814692274442240
1239814696657551360
1239814697064566784
1239814741083582464
1239814748289425408
1239814749296242688
1239814758938734594
1239814761421983744
1239814773396639746
1239814775229444096
1239814776257011712
1239814777355952134
1239814792656736256
1239814802895040512
1239814812235956224
1239814816543342592
1239814818791481345
1239814844473376769
1239814855177187328
1239814866933817348
1239814883627040768
1239814910625931264
1239814927570726912
1239814940539551744
1239814974316228609
1239815004376924160
1239815004448268289
1239815004548808704
1239815016326578178
1239815016867659776
1239815022815166464
1239815025826529282
1239815027583897600
1239815031644094469
1239815035431669760
1239815065324355586
1239815070219030528
1239815072094003200
1239815079350210566
1239815086362984448
1239815107611262976
1239815108089561089
1239815112778801154
1239815121377144833
1239815151127130117
1239815153429835777
1239815159058702336
1239815197444812800
1239815199445614592
1239815204520656898
1239815210476670976
1239815243091644416
1239815243699834882
1239815246174396417
1239815246207909888
1239815246740623362
1239815250406453253
1239815251261968385
1239815270186635265
1239815280387403776
1239815281876373504
1239815289014874114
1239815289035829249
1239815297923723264
1239815312821735424
1239815314549997568
1239815322753851393
1239815326293950464
1239815350322991110
1239815350998282240
1239815366936875009
1239815368132050944
1239815370346618880
1239815397295230976
1239815410809286656
1239815418283323392
1239815427271708672
1239815438957068288
1239815447438151682
1239815454593613825
1239815474722091009
1239815482904993792
1239815484620427266
1239815484989509633
1239815509157216257
1239815515381444608
1239815536365563908
1239815544188125186
1239815545970552838
1239815557014147073
1239815569064333314
1239815570574282752
1239815572730318848
1239815575548751872
1239815577952280576
1239815579185209345
1239815581429202946
1239815584788832262
1239815593571778560
1239815622114062337
1239815622927802368
1239815625180135424
1239815632692092929
1239815638484475905
1239815649536249857
1239815661175615488
1239815675381780480
1239815679806541825
1239815681539026944
1239815683371749377
1239815688933511168
1239815690002952193
1239815699691737088
1239815702753796097
1239815706000027648
1239815710878183426
1239815732541542402
1239815735817506817
1239815757782974464
1239815758974238720
1239815770705670145
1239815775315091458
1239815777731002368
1239815778905362433
1239815815400210432
1239815837487206400
1239815861160083463
1239815863190069249
1239815867560538114
1239815868776943619
1239815884102709248
1239815891719618560
1239815917053177858
1239815951802961920
1239815951870300161
1239815956706111488
1239815962041384963
1239815966193668097
1239815967770841088
1239815979510697984
1239815988692037632
1239816000100388865
1239816027191431168
1239816044677492737
1239816047248773121
1239816053636468736
1239816066689351680
1239816123945639942
1239816130262446080
1239816133055782917
1239816141356158977
1239816142316662785
1239816152701898752
1239816157726572544
1239816169239900160
1239816170221572096
1239816171525980160
1239816174709248001
1239816176634642433
1239816183475404800
1239816190282743808
1239816200424751104
1239816203436163072
1239816208133709824
1239816225573597185
1239816230862827520
1239816232297086976
1239816236839497730
1239816237128880128
1239816239163334656
1239816242740920323
1239816248331927552
1239816251414740993
1239816254694862849
1239816256674553856
1239816258025140226
1239816274345164800
1239816281936855041
1239816288760930305
1239816292410023937
1239816303189385216
1239816303889825799
1239816324768882695
1239816329806221312
1239816332406816769
1239816341223124992
1239816349477715976
1239816366821183488
1239816375000072192
1239816387956178944
1239816389772210176
1239816395233398785
1239816396122533888
1239816396185321472
1239816413361168384
1239816424115204096
1239816424580952064
1239816447079018496
1239816457485086720
1239816489231933440
1239816503857500160
1239816505648451585
1239816520844394499
1239816538057846784
1239816546513489921
1239816551706099712
1239816578453008384
1239816582320345089
1239816583649714178
1239816590419427329
1239816601391607809
1239816608236871681
1239816612666118144
1239816614511427584
1239816614763057157
1239816621574610944
1239816623692931072
1239816625903329281
1239816628067590145
1239816644718817280
1239816655607222272
1239816659436736512
1239816660531453952
1239816663014371328
1239816686863364096
1239816689707102208
1239816691497848832
1239816711148371969
1239816739363393541
1239816741401710592
1239816746435072001
1239816749249224704
1239816752348819456
1239816758204260353
1239816772825616384
1239816789283835905
1239816807575404544
1239816810125500417
1239816812344328192
1239816825707380740
1239816827905159168
1239816836264292352
1239816836604219393
1239816836625174529
1239816837040242688
1239816844376182784
1239816863032451072
1239816885220204545
1239816888378462209
1239816901246758912
1239816913078743040
1239816916417622016
1239816917105311744
1239816924533592064
1239816936361467906
1239816943860944896
1239816963272179713
1239816970880430081
1239816991910830082
1239816994507153408
1239817013293461504
1239817017093390336
1239817021501534208
1239817022881427456
1239817034235621376
1239817045933469696
1239817073557045251
1239817091651379201
1239817141957713923
1239817144243757059
1239817157078175745
1239817165760385025
1239817169170546688
1239817170613342209
1239817191186485248
1239817199465959424
1239817200342421506
1239817218575065088
1239817225353048064
1239817233800597504
1239817237482983425
1239817276548771840
1239817283838439424
1239817301148434433
1239817321725730817
1239817322682081280
1239817338775461888
1239817348766466050
1239817353715691520
1239817366000762880
1239817366072168448
1239817384388702208
1239817385516957698
1239817386007465994
1239817391422537730
1239817399983104001
1239817406551339010
1239817412536602624
1239817428051333122
1239817442077159424
1239817446040555520
1239817456044118016
1239817459349282816
1239817466357993480
1239817470107627521
1239817479620300805
1239817480614211584
1239817483432775680
1239817491255144448
1239817507801792513
1239817508674244610
1239817557474975746
1239817563942473728
1239817576034623490
1239817576387162113
1239817586491060224
1239817586893881344
1239817601318076416
1239817607466733569
1239817607999451136
1239817612932067328
1239817613460439040
1239817613955350529
1239817614051827713
1239817627054174208
1239817635224666114
1239817636759863296
1239817650966081536
1239817651968344065
1239817655277797376
1239817655311200256
1239817677679575040
1239817687208988672
1239817710277545984
1239817726476062720
1239817729487458310
1239817731563589632
1239817761951379457
1239817774651838464
1239817789818322944
1239817803185696768
1239817808025923584
1239817817974870016
1239817825692323840
1239817840640827393
1239817841622294528
1239817842049945600
1239817859829764096
1239817860475650048
1239817860689657857
1239817895896657920
1239817909905448960
1239817915282731008
1239817920214994944
1239817931468558336
1239817931686584320
1239817939882311682
1239817941606006784
1239817962929913856
1239817971519766528
1239817984899719169
1239817986959118337
1239817995683123201
1239818005476814852
1239818024636436480
1239818026175746048
1239818052604030976
1239818069461159936
1239818070304030720
1239818072745222144
1239818090101313536
1239818116005335040
1239818123940753408
1239818140617498624
1239818142047547392
1239818152323608576
1239818164138962949
1239818168048254977
1239818169562341378
1239818195881603072
1239818198750498816
1239818203955515393
1239818226160340993
1239818228303609857
1239818238378348544
1239818264030711808
1239818269361504257
1239818286855892992
1239818287611023360
1239818290970705921
1239818297807421441
1239818332070653952
1239818338609618944
1239818346029182976
1239818348998901760
1239818357634785280
1239818370238709766
1239818373040689152
1239818374026350592
1239818392296660992
1239818393080999936
1239818395324801024
1239818418175594496
1239818427247677442
1239818450459152385
1239818472059736065
1239818498987048960
1239818499163336706
1239818502069841920
1239818504217530368
1239818506180362241
1239818513646149632
1239818517563703297
1239818522886197248
1239818533627969537
1239818547733258240
1239818552951148545
1239818567899545601
1239818580343943169
1239818590116696064
1239818591832244225
1239818602460508160
1239818606369792002
1239818607749558273
1239818613453926400
1239818617522466817
1239818646299521031
1239818649512415232
1239818652175785985
1239818655367450624
1239818665010311169
1239818677039452160
1239818680491552768
1239818684446564352
1239818688842346496
1239818709738250240
1239818728126046209
1239818730563084293
1239818739882684416
1239818751459184641
1239818753551912960
1239818754172780544
1239818766701047808
1239818766726430721
1239818778650783744
1239818797508440065
1239818797604798464
1239818808946196480
1239818809436811265
1239818834250432512
1239818853024137216
1239818856195133441
1239818856626962432
1239818865795715072
1239818871579774976
1239818880098250752
1239818885001555969
1239818898662400001
1239818911115137025
1239818913317339140
1239818920778969088
1239818926332055552
1239818930778189824
1239818934532091904
1239818957860659200
1239818960465358851
1239818961497346049
1239818965561597952
1239818975141179393
1239818981910831104
1239818983689211905
1239819000219082755
1239819018145538049
1239819018589986816
1239819030946549760
1239819031391145985
1239819036969574402
1239819051880177665
1239819068657397760
1239819081747922945
1239819123850444811
1239819123862818817
1239819128199770113
1239819129361580033
1239819135045046277
1239819160819032066
1239819162769182721
1239819172042940416
1239819177277509633
1239819202883510272
1239819207774175233
1239819218876391427
1239819224832491520
1239819245153902593
1239819245439025152
1239819245724131328
1239819247749959681
1239819250707111938
1239819252464566273
1239819265231835136
1239819266720923649
1239819268373479425
1239819277688918016
1239819280515883008
1239819281505935360
1239819283070365696
1239819289298903040
1239819289613307904
1239819290565439488
1239819293702762497
1239819321356009474
1239819322899312640
1239819325906837505
1239819349483048961
1239819366159380481
1239819369796055040
1239819375261220865
1239819387172982784
1239819388548567041
1239819393317482496
1239819395112656896
1239819397470072832
1239819439693950976
1239819446526431232
1239819454483247104
1239819468177428482
1239819471268839427
1239819485462355969
1239819493225922560
1239819495054675968
1239819511643037696
1239819518559608833
1239819529724674049
1239819545931657217
1239819569377599488
1239819574066855936
1239819593314697218
1239819593914429441
1239819595604725760
1239819599144771584
1239819601854242817
1239819606241488897
1239819615028592640
1239819627414331392
1239819636943867904
1239819642379657216
1239819645369987072
1239819652643147777
1239819654614396928
1239819656904486912
1239819663040602112
1239819678098141184
1239819680891768832
1239819709039681536
1239819710323187712
1239819710729842688
1239819712776646656
1239819725753987072
1239819726299090944
1239819733760790530
1239819746922713088
1239819748122095616
1239819751641288704
1239819765218267137
1239819766363090944
1239819776865611778
1239819785774313472
1239819795064856577
1239819795907907584
1239819811259133957
1239819815235223552
1239819822667403266
1239819846495408128
1239819863914434560
1239819867588628480
1239819880175677441
1239819883266756610
1239819885510905856
1239819886014214144
1239819887612178432
1239819888409096193
1239819891508686848
1239819892217516032
1239819899633090565
1239819907547594753
1239819925574868995
1239819950119886848
1239819968004288514
1239819970659397632
1239819996731039745
1239819997091790849
1239820006868652032
1239820009234411520
1239820011067396096
1239820011805519874
1239820011935543297
1239820013671985152
1239820025369780224
1239820026871345152
1239820030134472705
1239820030839271429
1239820031778648065
1239820039567609856
1239820050988703746
1239820058978893824
1239820067531038731
1239820069686910976
1239820075743326208
1239820098401009664
1239820106512949249
1239820114528104449
1239820117459922945
1239820132479795200
1239820139018833922
1239820144907407361
1239820150838194179
1239820153615003648
1239820159176630276
1239820160480894977
1239820163811246080
1239820164926803970
1239820182492712962
1239820197076312065
1239820219616387080
1239820229380734976
1239820240986312706
1239820246560567296
1239820262335340544
1239820264361340928
1239820281553629184
1239820295621488640
1239820295726399490
1239820305138253824
1239820305432010752
1239820312734101505
1239820322993393665
1239820333747560448
1239820359148453889
1239820361157488641
1239820364143828993
1239820370074652672
1239820388928028672
1239820410272780291
1239820419311349760
1239820422482280453
1239820457366269953
1239820458414837762
1239820465931038723
1239820484981567488
1239820488110718976
1239820497652551682
1239820503017119744
1239820504048885760
1239820512903061505
1239820527751049216
1239820528350871553
1239820531450490881
1239820537628635143
1239820548856860672
1239820563943763968
1239820572822925313
1239820574102360065
1239820610022313990
1239820610764759040
1239820613394497541
1239820616934387712
1239820619656515584
1239820624320581633
1239820639877369856
1239820650048565248
1239820650778427393
1239820651751305217
1239820655878721536
1239820661444554752
1239820663432437760
1239820678460837892
1239820681556049922
1239820696898998272
1239820701181214721
1239820705300131840
1239820705581142017
1239820709414588417
1239820713235709953
1239820724833005568
1239820728536461314
1239820747066892290
1239820749658963969
1239820758853050370
1239820774875099136
1239820782882025472
1239820784060768261
1239820784526188544
1239820790486482944
1239820793413914624
1239820796966645761
1239820805489471489
1239820824305184768
1239820844555071494
1239820844819345408
1239820876020842500
1239820880902946816
1239820882920517632
1239820908178460673
1239820911315955712
1239820912918233088
1239820914096734209
1239820918526009344
1239820945679953920
1239820950293577729
1239820960661995521
1239820983738830848
1239820985861386241
1239820986716844032
1239820986767355906
1239820987606028288
1239820992341356544
1239820995671683073
1239820998356197376
1239821002999320577
1239821005503135744
1239821012293877760
1239821016114724866
1239821021135269888
1239821027204464640
1239821027615653888
1239821033718165505
1239821045294661633
1239821073329401856
1239821081956974592
1239821091792551936
1239821098256121856
1239821111912730624
1239821120271831040
1239821122029465600
1239821135560298498
1239821143311290368
1239821146482237440
1239821148101246976
1239821151305527296
1239821162999316480
1239821164584804359
1239821176244858881
1239821185199804422
1239821195941498880
1239821216543891457
1239821216606633986
1239821270100979712
1239821278569279488
1239821284004884485
1239821293060608003
1239821294931267585
1239821311913783298
1239821337939578881
1239821343358504961
1239821345317433350
1239821352275755011
1239821356054671360
1239821372945305600
1239821374216175617
1239821376598315010
1239821385578377221
1239821422177984513
1239821438741184513
1239821450430885888
1239821460195045376
1239821483414822912
1239821490062675968
1239821500473106433
1239821501144186880
1239821503882985472
1239821521381556225
1239821543556943872
1239821545339523078
1239821552117592064
1239821561651015680
1239821585994985472
1239821587022581760
1239821616839888897
1239821621898207232
1239821628336304128
1239821660913463296
1239821672716345346
1239821678533902337
1239821686981025793
1239821688029753345
1239821689271267329
1239821706644066308
1239821710993412097
1239821723102560256
1239821729750540288
1239821732547923968
1239821732636061696
1239821744250085381
1239821769101344771
1239821769839710210
1239821775359393792
1239821784188440576
1239821791570186241
1239821795903049730
1239821812801966080
1239821823128121344
1239821824742981632
1239821827100286976
1239821831487524864
1239821836457779200
1239821837728509954
1239821845949530112
1239821861413937152
1239821869492121601
1239821869760512000
1239821875980562437
1239821879050977282
1239821885652819968
1239821888643387392
1239821897992462343
1239821907907805186
1239821912554868736
1239821924404002817
1239821951763283968
1239821975872090112
1239821991449788416
1239821993123471360
1239822002594217985
1239822004498423810
1239822010013954048
1239822011507056640
1239822012903800833
1239822020730327040
1239822037855674368
1239822040326078464
1239822042075144192
1239822054876016640
1239822062002122752
1239822066607706112
1239822067215851521
1239822069451370496
1239822075692343297
1239822099763601408
1239822126892429312
1239822129383854080
1239822159800872960
1239822172824240128
1239822214297509889
1239822252897701889
1239822271675543552
1239822278944325632
1239822299156619269
1239822301044133888
1239822302054961152
1239822310703595520
1239822312272269312
1239822316705665024
1239822325060702209
1239822344224374785
1239822346078130176
1239822369146855425
1239822378164801536
1239822386922479618
1239822392446160896
1239822395084505088
1239822395109564416
1239822399295705088
1239822402806140928
1239822410267987969
1239822420187332608
1239822430475935744
1239822446473117697
1239822452668149760
1239822470938537990
1239822473799118848
1239822476730908675
1239822477263613952
1239822483970293760
1239822484955729920
1239822494065995776
1239822506766327808
1239822507726835712
1239822513502330882
1239822526378885120
1239822526458535938
1239822537812402176
1239822553582956545
1239822561745256449
1239822569177407489
1239822575422722054
1239822583463383040
1239822583979270144
1239822628669415424
1239822640610713601
1239822641663561731
1239822648508645376
1239822661129289728
1239822665369575424
1239822668616122368
1239822670784430082
1239822674978689024
1239822695812026370
1239822697154174976
1239822699267887104
1239822701948047360
1239822709627985920
1239822715114196992
1239822716070436866
1239822751092875264
1239822751868870657
1239822775549714432
1239822776367591424
1239822780704661504
1239822782835417094
1239822797817270273
1239822800094928898
1239822804708659203
1239822807774703619
1239822815164911617
1239822826112266240
1239822831355080704
1239822842214006784
1239822845900984320
1239822850950742017
1239822854981550080
1239822859389652992
1239822863302983680
1239822870601175041
1239822911118213120
1239822916394639360
1239822917409501185
1239822920475709440
1239822923159879680
1239822926024773632
1239822975572086790
1239822983608270848
1239822998733021184
1239822999223537664
1239823015262609408
1239823025551183879
1239823027409469443
1239823028839579648
1239823033277108224
1239823053904908289
1239823066047213569
1239823068467527680
1239823077057409024
1239823077384450048
1239823082757525504
1239823109517012992
1239823124541198336
1239823134942883840
1239823136360554496
1239823171085312000
1239823180593631232
1239823190269898754
1239823203616395264
1239823205382184965
1239823233467088901
1239823240375062530
1239823245047558146
1239823245865414658
1239823254291914752
1239823266967101447
1239823279210127360
1239823288160923654
1239823290316681217
1239823295328985088
1239823299254812672
1239823334856167424
1239823347837476864
1239823352669392902
1239823360151810048
1239823363612106752
1239823394981511169
1239823417806733314
1239823432830902273
1239823438664970240
1239823443220144128
1239823460106252289
1239823460270059521
1239823475151212545
1239823486882701313
1239823492218064896
1239823508139421702
1239823518616838145
1239823523981463552
1239823537537462275
1239823539353432064
1239823550355308544
1239823557334421505
1239823560178315264
1239823560559882240
1239823560576847873
1239823569821077504
1239823586006716416
1239823602234437632
1239823609234886656
1239823615237017600
1239823633586978816
1239823642671841281
1239823648053231616
1239823660610961408
1239823661755846656
1239823687185920000
1239823690671566848
1239823693615939585
1239823705380806656
1239823708228894720
1239823728353124357
1239823733055000578
1239823733927235585
1239823737773363206
1239823757897797633
1239823759550357504
1239823769054650369
1239823770338164737